# Boroson optical Fe template
# log10(wave)  flux (erg/s/cm2/A)
3.566514  0.00000e+00
3.5666678989  0.00000e+00
3.5668217978  0.00000e+00
3.5669756967  0.00000e+00
3.5671295956  0.00000e+00
3.5672834945  0.00000e+00
3.5674373934  0.00000e+00
3.5675912923  0.00000e+00
3.5677451912  0.00000e+00
3.5678990901  0.00000e+00
3.568052989  0.00000e+00
3.5682068879  0.00000e+00
3.5683607868  0.00000e+00
3.5685146857  0.00000e+00
3.5686685846  0.00000e+00
3.5688224835  0.00000e+00
3.5689763824  0.00000e+00
3.5691302813  0.00000e+00
3.5692841802  0.00000e+00
3.5694380791  0.00000e+00
3.569591978  0.00000e+00
3.5697458769  0.00000e+00
3.5698997758  0.00000e+00
3.5700536747  0.00000e+00
3.5702075736  0.00000e+00
3.5703614725  0.00000e+00
3.5705153714  0.00000e+00
3.5706692703  0.00000e+00
3.5708231692  0.00000e+00
3.5709770681  0.00000e+00
3.571130967  0.00000e+00
3.5712848659  0.00000e+00
3.5714387648  0.00000e+00
3.5715926637  0.00000e+00
3.5717465626  0.00000e+00
3.5719004615  0.00000e+00
3.5720543604  0.00000e+00
3.5722082593  0.00000e+00
3.5723621582  0.00000e+00
3.5725160571  0.00000e+00
3.572669956  0.00000e+00
3.5728238549  0.00000e+00
3.5729777538  0.00000e+00
3.5731316527  0.00000e+00
3.5732855516  0.00000e+00
3.5734394505  0.00000e+00
3.5735933494  0.00000e+00
3.5737472483  0.00000e+00
3.5739011472  0.00000e+00
3.5740550461  0.00000e+00
3.574208945  0.00000e+00
3.5743628439  0.00000e+00
3.5745167428  0.00000e+00
3.5746706417  0.00000e+00
3.5748245406  0.00000e+00
3.5749784395  0.00000e+00
3.5751323384  0.00000e+00
3.5752862373  0.00000e+00
3.5754401362  0.00000e+00
3.5755940351  0.00000e+00
3.575747934  0.00000e+00
3.5759018329  0.00000e+00
3.5760557318  0.00000e+00
3.5762096307  0.00000e+00
3.5763635296  0.00000e+00
3.5765174285  0.00000e+00
3.5766713274  0.00000e+00
3.5768252263  0.00000e+00
3.5769791252  0.00000e+00
3.5771330241  0.00000e+00
3.577286923  0.00000e+00
3.5774408219  0.00000e+00
3.5775947208  0.00000e+00
3.5777486197  0.00000e+00
3.5779025186  0.00000e+00
3.5780564175  0.00000e+00
3.5782103164  0.00000e+00
3.5783642153  0.00000e+00
3.5785181142  0.00000e+00
3.5786720131  0.00000e+00
3.578825912  0.00000e+00
3.5789798109  0.00000e+00
3.5791337098  0.00000e+00
3.5792876087  0.00000e+00
3.5794415076  0.00000e+00
3.5795954065  0.00000e+00
3.5797493054  0.00000e+00
3.5799032043  0.00000e+00
3.5800571032  0.00000e+00
3.5802110021  0.00000e+00
3.580364901  0.00000e+00
3.5805187999  0.00000e+00
3.5806726988  0.00000e+00
3.5808265977  0.00000e+00
3.5809804966  0.00000e+00
3.5811343955  0.00000e+00
3.5812882944  0.00000e+00
3.5814421933  0.00000e+00
3.5815960922  0.00000e+00
3.5817499911  0.00000e+00
3.58190389  0.00000e+00
3.5820577889  0.00000e+00
3.5822116878  0.00000e+00
3.5823655867  0.00000e+00
3.5825194856  0.00000e+00
3.5826733845  0.00000e+00
3.5828272834  0.00000e+00
3.5829811823  0.00000e+00
3.5831350812  0.00000e+00
3.5832889801  0.00000e+00
3.583442879  0.00000e+00
3.5835967779  0.00000e+00
3.5837506768  0.00000e+00
3.5839045757  0.00000e+00
3.5840584746  0.00000e+00
3.5842123735  0.00000e+00
3.5843662724  0.00000e+00
3.5845201713  0.00000e+00
3.5846740702  0.00000e+00
3.5848279691  0.00000e+00
3.584981868  0.00000e+00
3.5851357669  0.00000e+00
3.5852896658  0.00000e+00
3.5854435647  0.00000e+00
3.5855974636  0.00000e+00
3.5857513625  0.00000e+00
3.5859052614  0.00000e+00
3.5860591603  0.00000e+00
3.5862130592  0.00000e+00
3.5863669581  0.00000e+00
3.586520857  0.00000e+00
3.5866747559  0.00000e+00
3.5868286548  0.00000e+00
3.5869825537  0.00000e+00
3.5871364526  0.00000e+00
3.5872903515  0.00000e+00
3.5874442504  0.00000e+00
3.5875981493  0.00000e+00
3.5877520482  0.00000e+00
3.5879059471  0.00000e+00
3.588059846  0.00000e+00
3.5882137449  0.00000e+00
3.5883676438  0.00000e+00
3.5885215427  0.00000e+00
3.5886754416  0.00000e+00
3.5888293405  0.00000e+00
3.5889832394  0.00000e+00
3.5891371383  0.00000e+00
3.5892910372  0.00000e+00
3.5894449361  0.00000e+00
3.589598835  0.00000e+00
3.5897527339  0.00000e+00
3.5899066328  0.00000e+00
3.5900605317  0.00000e+00
3.5902144306  0.00000e+00
3.5903683295  0.00000e+00
3.5905222284  0.00000e+00
3.5906761273  0.00000e+00
3.5908300262  0.00000e+00
3.5909839251  0.00000e+00
3.591137824  0.00000e+00
3.5912917229  0.00000e+00
3.5914456218  0.00000e+00
3.5915995207  0.00000e+00
3.5917534196  0.00000e+00
3.5919073185  0.00000e+00
3.5920612174  0.00000e+00
3.5922151163  0.00000e+00
3.5923690152  0.00000e+00
3.5925229141  0.00000e+00
3.592676813  0.00000e+00
3.5928307119  0.00000e+00
3.5929846108  0.00000e+00
3.5931385097  0.00000e+00
3.5932924086  0.00000e+00
3.5934463075  0.00000e+00
3.5936002064  0.00000e+00
3.5937541053  0.00000e+00
3.5939080042  0.00000e+00
3.5940619031  0.00000e+00
3.594215802  0.00000e+00
3.5943697009  0.00000e+00
3.5945235998  0.00000e+00
3.5946774987  0.00000e+00
3.5948313976  0.00000e+00
3.5949852965  0.00000e+00
3.5951391954  0.00000e+00
3.5952930943  0.00000e+00
3.5954469932  0.00000e+00
3.5956008921  0.00000e+00
3.595754791  0.00000e+00
3.5959086899  0.00000e+00
3.5960625888  0.00000e+00
3.5962164877  0.00000e+00
3.5963703866  0.00000e+00
3.5965242855  0.00000e+00
3.5966781844  0.00000e+00
3.5968320833  0.00000e+00
3.5969859822  0.00000e+00
3.5971398811  0.00000e+00
3.59729378  0.00000e+00
3.5974476789  0.00000e+00
3.5976015778  0.00000e+00
3.5977554767  0.00000e+00
3.5979093756  0.00000e+00
3.5980632745  0.00000e+00
3.5982171734  0.00000e+00
3.5983710723  0.00000e+00
3.5985249712  0.00000e+00
3.5986788701  0.00000e+00
3.598832769  0.00000e+00
3.5989866679  0.00000e+00
3.5991405668  0.00000e+00
3.5992944657  0.00000e+00
3.5994483646  0.00000e+00
3.5996022635  0.00000e+00
3.5997561624  0.00000e+00
3.5999100613  0.00000e+00
3.6000639602  0.00000e+00
3.6002178591  0.00000e+00
3.600371758  0.00000e+00
3.6005256569  0.00000e+00
3.6006795558  0.00000e+00
3.6008334547  0.00000e+00
3.6009873536  0.00000e+00
3.6011412525  0.00000e+00
3.6012951514  0.00000e+00
3.6014490503  0.00000e+00
3.6016029492  0.00000e+00
3.6017568481  0.00000e+00
3.601910747  0.00000e+00
3.6020646459  0.00000e+00
3.6022185448  0.00000e+00
3.6023724437  0.00000e+00
3.6025263426  0.00000e+00
3.6026802415  0.00000e+00
3.6028341404  0.00000e+00
3.6029880393  0.00000e+00
3.6031419382  0.00000e+00
3.6032958371  0.00000e+00
3.603449736  0.00000e+00
3.6036036349  0.00000e+00
3.6037575338  0.00000e+00
3.6039114327  0.00000e+00
3.6040653316  0.00000e+00
3.6042192305  0.00000e+00
3.6043731294  0.00000e+00
3.6045270283  0.00000e+00
3.6046809272  0.00000e+00
3.6048348261  0.00000e+00
3.604988725  0.00000e+00
3.6051426239  0.00000e+00
3.6052965228  0.00000e+00
3.6054504217  0.00000e+00
3.6056043206  0.00000e+00
3.6057582195  0.00000e+00
3.6059121184  0.00000e+00
3.6060660173  0.00000e+00
3.6062199162  0.00000e+00
3.6063738151  0.00000e+00
3.606527714  0.00000e+00
3.6066816129  0.00000e+00
3.6068355118  0.00000e+00
3.6069894107  0.00000e+00
3.6071433096  0.00000e+00
3.6072972085  0.00000e+00
3.6074511074  0.00000e+00
3.6076050063  0.00000e+00
3.6077589052  0.00000e+00
3.6079128041  0.00000e+00
3.608066703  0.00000e+00
3.6082206019  0.00000e+00
3.6083745008  0.00000e+00
3.6085283997  0.00000e+00
3.6086822986  0.00000e+00
3.6088361975  0.00000e+00
3.6089900964  0.00000e+00
3.6091439953  0.00000e+00
3.6092978942  0.00000e+00
3.6094517931  0.00000e+00
3.609605692  0.00000e+00
3.6097595909  0.00000e+00
3.6099134898  0.00000e+00
3.6100673887  0.00000e+00
3.6102212876  0.00000e+00
3.6103751865  0.00000e+00
3.6105290854  0.00000e+00
3.6106829843  0.00000e+00
3.6108368832  0.00000e+00
3.6109907821  0.00000e+00
3.611144681  0.00000e+00
3.6112985799  0.00000e+00
3.6114524788  0.00000e+00
3.6116063777  0.00000e+00
3.6117602766  0.00000e+00
3.6119141755  0.00000e+00
3.6120680744  0.00000e+00
3.6122219733  0.00000e+00
3.6123758722  0.00000e+00
3.6125297711  0.00000e+00
3.61268367  0.00000e+00
3.6128375689  0.00000e+00
3.6129914678  0.00000e+00
3.6131453667  0.00000e+00
3.6132992656  0.00000e+00
3.6134531645  0.00000e+00
3.6136070634  0.00000e+00
3.6137609623  0.00000e+00
3.6139148612  0.00000e+00
3.6140687601  0.00000e+00
3.614222659  0.00000e+00
3.6143765579  0.00000e+00
3.6145304568  0.00000e+00
3.6146843557  0.00000e+00
3.6148382546  0.00000e+00
3.6149921535  0.00000e+00
3.6151460524  0.00000e+00
3.6152999513  0.00000e+00
3.6154538502  0.00000e+00
3.6156077491  0.00000e+00
3.615761648  0.00000e+00
3.6159155469  0.00000e+00
3.6160694458  0.00000e+00
3.6162233447  0.00000e+00
3.6163772436  0.00000e+00
3.6165311425  0.00000e+00
3.6166850414  0.00000e+00
3.6168389403  0.00000e+00
3.6169928392  0.00000e+00
3.6171467381  0.00000e+00
3.617300637  0.00000e+00
3.6174545359  0.00000e+00
3.6176084348  0.00000e+00
3.6177623337  0.00000e+00
3.6179162326  0.00000e+00
3.6180701315  0.00000e+00
3.6182240304  0.00000e+00
3.6183779293  0.00000e+00
3.6185318282  0.00000e+00
3.6186857271  0.00000e+00
3.618839626  0.00000e+00
3.6189935249  0.00000e+00
3.6191474238  0.00000e+00
3.6193013227  0.00000e+00
3.6194552216  0.00000e+00
3.6196091205  0.00000e+00
3.6197630194  0.00000e+00
3.6199169183  0.00000e+00
3.6200708172  0.00000e+00
3.6202247161  0.00000e+00
3.620378615  0.00000e+00
3.6205325139  0.00000e+00
3.6206864128  0.00000e+00
3.6208403117  0.00000e+00
3.6209942106  0.00000e+00
3.6211481095  0.00000e+00
3.6213020084  0.00000e+00
3.6214559073  0.00000e+00
3.6216098062  0.00000e+00
3.6217637051  0.00000e+00
3.621917604  0.00000e+00
3.6220715029  0.00000e+00
3.6222254018  0.00000e+00
3.6223793007  0.00000e+00
3.6225331996  0.00000e+00
3.6226870985  0.00000e+00
3.6228409974  0.00000e+00
3.6229948963  0.00000e+00
3.6231487952  0.00000e+00
3.6233026941  0.00000e+00
3.623456593  0.00000e+00
3.6236104919  0.00000e+00
3.6237643908  0.00000e+00
3.6239182897  0.00000e+00
3.6240721886  0.00000e+00
3.6242260875  0.00000e+00
3.6243799864  0.00000e+00
3.6245338853  0.00000e+00
3.6246877842  0.00000e+00
3.6248416831  0.00000e+00
3.624995582  0.00000e+00
3.6251494809  0.00000e+00
3.6253033798  0.00000e+00
3.6254572787  0.00000e+00
3.6256111776  0.00000e+00
3.6257650765  0.00000e+00
3.6259189754  0.00000e+00
3.6260728743  0.00000e+00
3.6262267732  0.00000e+00
3.6263806721  0.00000e+00
3.626534571  0.00000e+00
3.6266884699  0.00000e+00
3.6268423688  0.00000e+00
3.6269962677  0.00000e+00
3.6271501666  0.00000e+00
3.6273040655  0.00000e+00
3.6274579644  0.00000e+00
3.6276118633  0.00000e+00
3.6277657622  0.00000e+00
3.6279196611  0.00000e+00
3.62807356  0.00000e+00
3.6282274589  0.00000e+00
3.6283813578  0.00000e+00
3.6285352567  0.00000e+00
3.6286891556  0.00000e+00
3.6288430545  0.00000e+00
3.6289969534  0.00000e+00
3.6291508523  0.00000e+00
3.6293047512  0.00000e+00
3.6294586501  0.00000e+00
3.629612549  0.00000e+00
3.6297664479  0.00000e+00
3.6299203468  0.00000e+00
3.6300742457  0.00000e+00
3.6302281446  0.00000e+00
3.6303820435  0.00000e+00
3.6305359424  0.00000e+00
3.6306898413  0.00000e+00
3.6308437402  0.00000e+00
3.6309976391  0.00000e+00
3.631151538  0.00000e+00
3.6313054369  0.00000e+00
3.6314593358  0.00000e+00
3.6316132347  0.00000e+00
3.6317671336  0.00000e+00
3.6319210325  0.00000e+00
3.6320749314  0.00000e+00
3.6322288303  0.00000e+00
3.6323827292  0.00000e+00
3.6325366281  0.00000e+00
3.632690527  0.00000e+00
3.6328444259  0.00000e+00
3.6329983248  0.00000e+00
3.6331522237  0.00000e+00
3.6333061226  0.00000e+00
3.6334600215  0.00000e+00
3.6336139204  0.00000e+00
3.6337678193  0.00000e+00
3.6339217182  0.00000e+00
3.6340756171  0.00000e+00
3.634229516  0.00000e+00
3.6343834149  0.00000e+00
3.6345373138  0.00000e+00
3.6346912127  0.00000e+00
3.6348451116  0.00000e+00
3.6349990105  0.00000e+00
3.6351529094  0.00000e+00
3.6353068083  0.00000e+00
3.6354607072  0.00000e+00
3.6356146061  0.00000e+00
3.635768505  0.00000e+00
3.6359224039  0.00000e+00
3.6360763028  0.00000e+00
3.6362302017  0.00000e+00
3.6363841006  0.00000e+00
3.6365379995  0.00000e+00
3.6366918984  0.00000e+00
3.6368457973  0.00000e+00
3.6369996962  0.00000e+00
3.6371535951  0.00000e+00
3.637307494  0.00000e+00
3.6374613929  0.00000e+00
3.6376152918  0.00000e+00
3.6377691907  0.00000e+00
3.6379230896  0.00000e+00
3.6380769885  0.00000e+00
3.6382308874  0.00000e+00
3.6383847863  0.00000e+00
3.6385386852  0.00000e+00
3.6386925841  0.00000e+00
3.638846483  0.00000e+00
3.6390003819  0.00000e+00
3.6391542808  0.00000e+00
3.6393081797  0.00000e+00
3.6394620786  0.00000e+00
3.6396159775  0.00000e+00
3.6397698764  0.00000e+00
3.6399237753  0.00000e+00
3.6400776742  0.00000e+00
3.6402315731  0.00000e+00
3.640385472  0.00000e+00
3.6405393709  0.00000e+00
3.6406932698  0.00000e+00
3.6408471687  0.00000e+00
3.6410010676  0.00000e+00
3.6411549665  0.00000e+00
3.6413088654  0.00000e+00
3.6414627643  0.00000e+00
3.6416166632  0.00000e+00
3.6417705621  0.00000e+00
3.641924461  0.00000e+00
3.6420783599  0.00000e+00
3.6422322588  0.00000e+00
3.6423861577  0.00000e+00
3.6425400566  0.00000e+00
3.6426939555  0.00000e+00
3.6428478544  0.00000e+00
3.6430017533  0.00000e+00
3.6431556522  0.00000e+00
3.6433095511  0.00000e+00
3.64346345  0.00000e+00
3.6436173489  0.00000e+00
3.6437712478  0.00000e+00
3.6439251467  0.00000e+00
3.6440790456  0.00000e+00
3.6442329445  0.00000e+00
3.6443868434  0.00000e+00
3.6445407423  0.00000e+00
3.6446946412  0.00000e+00
3.6448485401  0.00000e+00
3.645002439  0.00000e+00
3.6451563379  0.00000e+00
3.6453102368  0.00000e+00
3.6454641357  0.00000e+00
3.6456180346  0.00000e+00
3.6457719335  0.00000e+00
3.6459258324  0.00000e+00
3.6460797313  0.00000e+00
3.6462336302  0.00000e+00
3.6463875291  0.00000e+00
3.646541428  0.00000e+00
3.6466953269  0.00000e+00
3.6468492258  0.00000e+00
3.6470031247  0.00000e+00
3.6471570236  0.00000e+00
3.6473109225  0.00000e+00
3.6474648214  0.00000e+00
3.6476187203  0.00000e+00
3.6477726192  0.00000e+00
3.6479265181  0.00000e+00
3.648080417  0.00000e+00
3.6482343159  0.00000e+00
3.6483882148  0.00000e+00
3.6485421137  0.00000e+00
3.6486960126  0.00000e+00
3.6488499115  0.00000e+00
3.6490038104  0.00000e+00
3.6491577093  0.00000e+00
3.6493116082  0.00000e+00
3.6494655071  0.00000e+00
3.649619406  0.00000e+00
3.6497733049  0.00000e+00
3.6499272038  0.00000e+00
3.6500811027  0.00000e+00
3.6502350016  0.00000e+00
3.6503889005  0.00000e+00
3.6505427994  0.00000e+00
3.6506966983  0.00000e+00
3.6508505972  0.00000e+00
3.6510044961  0.00000e+00
3.651158395  0.00000e+00
3.6513122939  0.00000e+00
3.6514661928  0.00000e+00
3.6516200917  0.00000e+00
3.6517739906  0.00000e+00
3.6519278895  0.00000e+00
3.6520817884  0.00000e+00
3.6522356873  0.00000e+00
3.6523895862  0.00000e+00
3.6525434851  0.00000e+00
3.652697384  0.00000e+00
3.6528512829  0.00000e+00
3.6530051818  0.00000e+00
3.6531590807  0.00000e+00
3.6533129796  0.00000e+00
3.6534668785  0.00000e+00
3.6536207774  0.00000e+00
3.6537746763  0.00000e+00
3.6539285752  0.00000e+00
3.6540824741  0.00000e+00
3.654236373  0.00000e+00
3.6543902719  0.00000e+00
3.6545441708  0.00000e+00
3.6546980697  0.00000e+00
3.6548519686  0.00000e+00
3.6550058675  0.00000e+00
3.6551597664  0.00000e+00
3.6553136653  0.00000e+00
3.6554675642  0.00000e+00
3.6556214631  0.00000e+00
3.655775362  0.00000e+00
3.6559292609  0.00000e+00
3.6560831598  0.00000e+00
3.6562370587  0.00000e+00
3.6563909576  0.00000e+00
3.6565448565  0.00000e+00
3.6566987554  0.00000e+00
3.6568526543  0.00000e+00
3.6570065532  0.00000e+00
3.6571604521  0.00000e+00
3.657314351  0.00000e+00
3.6574682499  0.00000e+00
3.6576221488  0.00000e+00
3.6577760477  0.00000e+00
3.6579299466  0.00000e+00
3.6580838455  0.00000e+00
3.6582377444  0.00000e+00
3.6583916433  0.00000e+00
3.6585455422  0.00000e+00
3.6586994411  0.00000e+00
3.65885334  0.00000e+00
3.6590072389  0.00000e+00
3.6591611378  0.00000e+00
3.6593150367  0.00000e+00
3.6594689356  0.00000e+00
3.6596228345  0.00000e+00
3.6597767334  0.00000e+00
3.6599306323  0.00000e+00
3.6600845312  0.00000e+00
3.6602384301  0.00000e+00
3.660392329  0.00000e+00
3.6605462279  0.00000e+00
3.6607001268  0.00000e+00
3.6608540257  0.00000e+00
3.6610079246  0.00000e+00
3.6611618235  0.00000e+00
3.6613157224  0.00000e+00
3.6614696213  0.00000e+00
3.6616235202  0.00000e+00
3.6617774191  0.00000e+00
3.661931318  0.00000e+00
3.6620852169  0.00000e+00
3.6622391158  0.00000e+00
3.6623930147  0.00000e+00
3.6625469136  0.00000e+00
3.6627008125  0.00000e+00
3.6628547114  0.00000e+00
3.6630086103  0.00000e+00
3.6631625092  0.00000e+00
3.6633164081  0.00000e+00
3.663470307  0.00000e+00
3.6636242059  0.00000e+00
3.6637781048  0.00000e+00
3.6639320037  0.00000e+00
3.6640859026  0.00000e+00
3.6642398015  0.00000e+00
3.6643937004  0.00000e+00
3.6645475993  0.00000e+00
3.6647014982  0.00000e+00
3.6648553971  0.00000e+00
3.665009296  0.00000e+00
3.6651631949  0.00000e+00
3.6653170938  0.00000e+00
3.6654709927  0.00000e+00
3.6656248916  0.00000e+00
3.6657787905  0.00000e+00
3.6659326894  0.00000e+00
3.6660865883  0.00000e+00
3.6662404872  0.00000e+00
3.6663943861  0.00000e+00
3.666548285  0.00000e+00
3.6667021839  0.00000e+00
3.6668560828  0.00000e+00
3.6670099817  0.00000e+00
3.6671638806  0.00000e+00
3.6673177795  0.00000e+00
3.6674716784  0.00000e+00
3.6676255773  0.00000e+00
3.6677794762  0.00000e+00
3.6679333751  0.00000e+00
3.668087274  0.00000e+00
3.6682411729  0.00000e+00
3.6683950718  0.00000e+00
3.6685489707  0.00000e+00
3.6687028696  0.00000e+00
3.6688567685  0.00000e+00
3.6690106674  0.00000e+00
3.6691645663  0.00000e+00
3.6693184652  0.00000e+00
3.6694723641  0.00000e+00
3.669626263  0.00000e+00
3.6697801619  0.00000e+00
3.6699340608  0.00000e+00
3.6700879597  0.00000e+00
3.6702418586  0.00000e+00
3.6703957575  0.00000e+00
3.6705496564  0.00000e+00
3.6707035553  0.00000e+00
3.6708574542  0.00000e+00
3.6710113531  0.00000e+00
3.671165252  0.00000e+00
3.6713191509  0.00000e+00
3.6714730498  0.00000e+00
3.6716269487  0.00000e+00
3.6717808476  0.00000e+00
3.6719347465  0.00000e+00
3.6720886454  0.00000e+00
3.6722425443  0.00000e+00
3.6723964432  0.00000e+00
3.6725503421  0.00000e+00
3.672704241  0.00000e+00
3.6728581399  0.00000e+00
3.6730120388  0.00000e+00
3.6731659377  0.00000e+00
3.6733198366  0.00000e+00
3.6734737355  0.00000e+00
3.6736276344  0.00000e+00
3.6737815333  0.00000e+00
3.6739354322  0.00000e+00
3.6740893311  0.00000e+00
3.67424323  0.00000e+00
3.6743971289  0.00000e+00
3.6745510278  0.00000e+00
3.6747049267  0.00000e+00
3.6748588256  0.00000e+00
3.6750127245  0.00000e+00
3.6751666234  0.00000e+00
3.6753205223  0.00000e+00
3.6754744212  0.00000e+00
3.6756283201  0.00000e+00
3.675782219  0.00000e+00
3.6759361179  0.00000e+00
3.6760900168  0.00000e+00
3.6762439157  0.00000e+00
3.6763978146  0.00000e+00
3.6765517135  0.00000e+00
3.6767056124  0.00000e+00
3.6768595113  0.00000e+00
3.6770134102  0.00000e+00
3.6771673091  0.00000e+00
3.677321208  0.00000e+00
3.6774751069  0.00000e+00
3.6776290058  0.00000e+00
3.6777829047  0.00000e+00
3.6779368036  0.00000e+00
3.6780907025  0.00000e+00
3.6782446014  0.00000e+00
3.6783985003  0.00000e+00
3.6785523992  0.00000e+00
3.6787062981  0.00000e+00
3.678860197  0.00000e+00
3.6790140959  0.00000e+00
3.6791679948  0.00000e+00
3.6793218937  0.00000e+00
3.6794757926  0.00000e+00
3.6796296915  0.00000e+00
3.6797835904  0.00000e+00
3.6799374893  0.00000e+00
3.6800913882  0.00000e+00
3.6802452871  0.00000e+00
3.680399186  0.00000e+00
3.6805530849  0.00000e+00
3.6807069838  0.00000e+00
3.6808608827  0.00000e+00
3.6810147816  0.00000e+00
3.6811686805  0.00000e+00
3.6813225794  0.00000e+00
3.6814764783  0.00000e+00
3.6816303772  0.00000e+00
3.6817842761  0.00000e+00
3.681938175  0.00000e+00
3.6820920739  0.00000e+00
3.6822459728  0.00000e+00
3.6823998717  0.00000e+00
3.6825537706  0.00000e+00
3.6827076695  0.00000e+00
3.6828615684  0.00000e+00
3.6830154673  0.00000e+00
3.6831693662  0.00000e+00
3.6833232651  0.00000e+00
3.683477164  0.00000e+00
3.6836310629  0.00000e+00
3.6837849618  0.00000e+00
3.6839388607  0.00000e+00
3.6840927596  0.00000e+00
3.6842466585  0.00000e+00
3.6844005574  0.00000e+00
3.6845544563  0.00000e+00
3.6847083552  0.00000e+00
3.6848622541  0.00000e+00
3.685016153  0.00000e+00
3.6851700519  0.00000e+00
3.6853239508  0.00000e+00
3.6854778497  0.00000e+00
3.6856317486  0.00000e+00
3.6857856475  0.00000e+00
3.6859395464  0.00000e+00
3.6860934453  0.00000e+00
3.6862473442  0.00000e+00
3.6864012431  0.00000e+00
3.686555142  0.00000e+00
3.6867090409  0.00000e+00
3.6868629398  0.00000e+00
3.6870168387  0.00000e+00
3.6871707376  0.00000e+00
3.6873246365  0.00000e+00
3.6874785354  0.00000e+00
3.6876324343  0.00000e+00
3.6877863332  0.00000e+00
3.6879402321  0.00000e+00
3.688094131  0.00000e+00
3.6882480299  0.00000e+00
3.6884019288  0.00000e+00
3.6885558277  0.00000e+00
3.6887097266  0.00000e+00
3.6888636255  0.00000e+00
3.6890175244  0.00000e+00
3.6891714233  0.00000e+00
3.6893253222  0.00000e+00
3.6894792211  0.00000e+00
3.68963312  0.00000e+00
3.6897870189  0.00000e+00
3.6899409178  0.00000e+00
3.6900948167  0.00000e+00
3.6902487156  0.00000e+00
3.6904026145  0.00000e+00
3.6905565134  0.00000e+00
3.6907104123  0.00000e+00
3.6908643112  0.00000e+00
3.6910182101  0.00000e+00
3.691172109  0.00000e+00
3.6913260079  0.00000e+00
3.6914799068  0.00000e+00
3.6916338057  0.00000e+00
3.6917877046  0.00000e+00
3.6919416035  0.00000e+00
3.6920955024  0.00000e+00
3.6922494013  0.00000e+00
3.6924033002  0.00000e+00
3.6925571991  0.00000e+00
3.692711098  0.00000e+00
3.6928649969  0.00000e+00
3.6930188958  0.00000e+00
3.6931727947  0.00000e+00
3.6933266936  0.00000e+00
3.6934805925  0.00000e+00
3.6936344914  0.00000e+00
3.6937883903  0.00000e+00
3.6939422892  0.00000e+00
3.6940961881  0.00000e+00
3.694250087  0.00000e+00
3.6944039859  0.00000e+00
3.6945578848  0.00000e+00
3.6947117837  0.00000e+00
3.6948656826  0.00000e+00
3.6950195815  0.00000e+00
3.6951734804  0.00000e+00
3.6953273793  0.00000e+00
3.6954812782  0.00000e+00
3.6956351771  0.00000e+00
3.695789076  0.00000e+00
3.6959429749  0.00000e+00
3.6960968738  0.00000e+00
3.6962507727  0.00000e+00
3.6964046716  0.00000e+00
3.6965585705  0.00000e+00
3.6967124694  0.00000e+00
3.6968663683  0.00000e+00
3.6970202672  0.00000e+00
3.6971741661  0.00000e+00
3.697328065  0.00000e+00
3.6974819639  0.00000e+00
3.6976358628  0.00000e+00
3.6977897617  0.00000e+00
3.6979436606  0.00000e+00
3.6980975595  0.00000e+00
3.6982514584  0.00000e+00
3.6984053573  0.00000e+00
3.6985592562  0.00000e+00
3.6987131551  0.00000e+00
3.698867054  0.00000e+00
3.6990209529  0.00000e+00
3.6991748518  0.00000e+00
3.6993287507  0.00000e+00
3.6994826496  0.00000e+00
3.6996365485  0.00000e+00
3.6997904474  0.00000e+00
3.6999443463  0.00000e+00
3.7000982452  0.00000e+00
3.7002521441  0.00000e+00
3.700406043  0.00000e+00
3.7005599419  0.00000e+00
3.7007138408  0.00000e+00
3.7008677397  0.00000e+00
3.7010216386  0.00000e+00
3.7011755375  0.00000e+00
3.7013294364  0.00000e+00
3.7014833353  0.00000e+00
3.7016372342  0.00000e+00
3.7017911331  0.00000e+00
3.701945032  0.00000e+00
3.7020989309  0.00000e+00
3.7022528298  0.00000e+00
3.7024067287  0.00000e+00
3.7025606276  0.00000e+00
3.7027145265  0.00000e+00
3.7028684254  0.00000e+00
3.7030223243  0.00000e+00
3.7031762232  0.00000e+00
3.7033301221  0.00000e+00
3.703484021  0.00000e+00
3.7036379199  0.00000e+00
3.7037918188  0.00000e+00
3.7039457177  0.00000e+00
3.7040996166  0.00000e+00
3.7042535155  0.00000e+00
3.7044074144  0.00000e+00
3.7045613133  0.00000e+00
3.7047152122  0.00000e+00
3.7048691111  0.00000e+00
3.70502301  0.00000e+00
3.7051769089  0.00000e+00
3.7053308078  0.00000e+00
3.7054847067  0.00000e+00
3.7056386056  0.00000e+00
3.7057925045  0.00000e+00
3.7059464034  0.00000e+00
3.7061003023  0.00000e+00
3.7062542012  0.00000e+00
3.7064081001  0.00000e+00
3.706561999  0.00000e+00
3.7067158979  0.00000e+00
3.7068697968  0.00000e+00
3.7070236957  0.00000e+00
3.7071775946  0.00000e+00
3.7073314935  0.00000e+00
3.7074853924  0.00000e+00
3.7076392913  0.00000e+00
3.7077931902  0.00000e+00
3.7079470891  0.00000e+00
3.708100988  0.00000e+00
3.7082548869  0.00000e+00
3.7084087858  0.00000e+00
3.7085626847  0.00000e+00
3.7087165836  0.00000e+00
3.7088704825  0.00000e+00
3.7090243814  0.00000e+00
3.7091782803  0.00000e+00
3.7093321792  0.00000e+00
3.7094860781  0.00000e+00
3.709639977  0.00000e+00
3.7097938759  0.00000e+00
3.7099477748  0.00000e+00
3.7101016737  0.00000e+00
3.7102555726  0.00000e+00
3.7104094715  0.00000e+00
3.7105633704  0.00000e+00
3.7107172693  0.00000e+00
3.7108711682  0.00000e+00
3.7110250671  0.00000e+00
3.711178966  0.00000e+00
3.7113328649  0.00000e+00
3.7114867638  0.00000e+00
3.7116406627  0.00000e+00
3.7117945616  0.00000e+00
3.7119484605  0.00000e+00
3.7121023594  0.00000e+00
3.7122562583  0.00000e+00
3.7124101572  0.00000e+00
3.7125640561  0.00000e+00
3.712717955  0.00000e+00
3.7128718539  0.00000e+00
3.7130257528  0.00000e+00
3.7131796517  0.00000e+00
3.7133335506  0.00000e+00
3.7134874495  0.00000e+00
3.7136413484  0.00000e+00
3.7137952473  0.00000e+00
3.7139491462  0.00000e+00
3.7141030451  0.00000e+00
3.714256944  0.00000e+00
3.7144108429  0.00000e+00
3.7145647418  0.00000e+00
3.7147186407  0.00000e+00
3.7148725396  0.00000e+00
3.7150264385  0.00000e+00
3.7151803374  0.00000e+00
3.7153342363  0.00000e+00
3.7154881352  0.00000e+00
3.7156420341  0.00000e+00
3.715795933  0.00000e+00
3.7159498319  0.00000e+00
3.7161037308  0.00000e+00
3.7162576297  0.00000e+00
3.7164115286  0.00000e+00
3.7165654275  0.00000e+00
3.7167193264  0.00000e+00
3.7168732253  0.00000e+00
3.7170271242  0.00000e+00
3.7171810231  0.00000e+00
3.717334922  0.00000e+00
3.7174888209  0.00000e+00
3.7176427198  0.00000e+00
3.7177966187  0.00000e+00
3.7179505176  0.00000e+00
3.7181044165  0.00000e+00
3.7182583154  0.00000e+00
3.7184122143  0.00000e+00
3.7185661132  0.00000e+00
3.7187200121  0.00000e+00
3.718873911  0.00000e+00
3.7190278099  0.00000e+00
3.7191817088  0.00000e+00
3.7193356077  0.00000e+00
3.7194895066  0.00000e+00
3.7196434055  0.00000e+00
3.7197973044  0.00000e+00
3.7199512033  0.00000e+00
3.7201051022  0.00000e+00
3.7202590011  0.00000e+00
3.7204129  0.00000e+00
3.7205667989  0.00000e+00
3.7207206978  0.00000e+00
3.7208745967  0.00000e+00
3.7210284956  0.00000e+00
3.7211823945  0.00000e+00
3.7213362934  0.00000e+00
3.7214901923  0.00000e+00
3.7216440912  0.00000e+00
3.7217979901  0.00000e+00
3.721951889  0.00000e+00
3.7221057879  0.00000e+00
3.7222596868  0.00000e+00
3.7224135857  0.00000e+00
3.7225674846  0.00000e+00
3.7227213835  0.00000e+00
3.7228752824  0.00000e+00
3.7230291813  0.00000e+00
3.7231830802  0.00000e+00
3.7233369791  0.00000e+00
3.723490878  0.00000e+00
3.7236447769  0.00000e+00
3.7237986758  0.00000e+00
3.7239525747  0.00000e+00
3.7241064736  0.00000e+00
3.7242603725  0.00000e+00
3.7244142714  0.00000e+00
3.7245681703  0.00000e+00
3.7247220692  0.00000e+00
3.7248759681  0.00000e+00
3.725029867  0.00000e+00
3.7251837659  0.00000e+00
3.7253376648  0.00000e+00
3.7254915637  0.00000e+00
3.7256454626  0.00000e+00
3.7257993615  0.00000e+00
3.7259532604  0.00000e+00
3.7261071593  0.00000e+00
3.7262610582  0.00000e+00
3.7264149571  0.00000e+00
3.726568856  0.00000e+00
3.7267227549  0.00000e+00
3.7268766538  0.00000e+00
3.7270305527  0.00000e+00
3.7271844516  0.00000e+00
3.7273383505  0.00000e+00
3.7274922494  0.00000e+00
3.7276461483  0.00000e+00
3.7278000472  0.00000e+00
3.7279539461  0.00000e+00
3.728107845  0.00000e+00
3.7282617439  0.00000e+00
3.7284156428  0.00000e+00
3.7285695417  0.00000e+00
3.7287234406  0.00000e+00
3.7288773395  0.00000e+00
3.7290312384  0.00000e+00
3.7291851373  0.00000e+00
3.7293390362  0.00000e+00
3.7294929351  0.00000e+00
3.729646834  0.00000e+00
3.7298007329  0.00000e+00
3.7299546318  0.00000e+00
3.7301085307  0.00000e+00
3.7302624296  0.00000e+00
3.7304163285  0.00000e+00
3.7305702274  0.00000e+00
3.7307241263  0.00000e+00
3.7308780252  0.00000e+00
3.7310319241  0.00000e+00
3.731185823  0.00000e+00
3.7313397219  0.00000e+00
3.7314936208  0.00000e+00
3.7316475197  0.00000e+00
3.7318014186  0.00000e+00
3.7319553175  0.00000e+00
3.7321092164  0.00000e+00
3.7322631153  0.00000e+00
3.7324170142  0.00000e+00
3.7325709131  0.00000e+00
3.732724812  0.00000e+00
3.7328787109  0.00000e+00
3.7330326098  0.00000e+00
3.7331865087  0.00000e+00
3.7333404076  0.00000e+00
3.7334943065  0.00000e+00
3.7336482054  0.00000e+00
3.7338021043  0.00000e+00
3.7339560032  0.00000e+00
3.7341099021  0.00000e+00
3.734263801  0.00000e+00
3.7344176999  0.00000e+00
3.7345715988  0.00000e+00
3.7347254977  0.00000e+00
3.7348793966  0.00000e+00
3.7350332955  0.00000e+00
3.7351871944  0.00000e+00
3.7353410933  0.00000e+00
3.7354949922  0.00000e+00
3.7356488911  0.00000e+00
3.73580279  0.00000e+00
3.7359566889  0.00000e+00
3.7361105878  0.00000e+00
3.7362644867  0.00000e+00
3.7364183856  0.00000e+00
3.7365722845  0.00000e+00
3.7367261834  0.00000e+00
3.7368800823  0.00000e+00
3.7370339812  0.00000e+00
3.7371878801  0.00000e+00
3.737341779  0.00000e+00
3.7374956779  0.00000e+00
3.7376495768  0.00000e+00
3.7378034757  0.00000e+00
3.7379573746  0.00000e+00
3.7381112735  0.00000e+00
3.7382651724  0.00000e+00
3.7384190713  0.00000e+00
3.7385729702  0.00000e+00
3.7387268691  0.00000e+00
3.738880768  0.00000e+00
3.7390346669  0.00000e+00
3.7391885658  0.00000e+00
3.7393424647  0.00000e+00
3.7394963636  0.00000e+00
3.7396502625  0.00000e+00
3.7398041614  0.00000e+00
3.7399580603  0.00000e+00
3.7401119592  0.00000e+00
3.7402658581  0.00000e+00
3.740419757  0.00000e+00
3.7405736559  0.00000e+00
3.7407275548  0.00000e+00
3.7408814537  0.00000e+00
3.7410353526  0.00000e+00
3.7411892515  0.00000e+00
3.7413431504  0.00000e+00
3.7414970493  0.00000e+00
3.7416509482  0.00000e+00
3.7418048471  0.00000e+00
3.741958746  0.00000e+00
3.7421126449  0.00000e+00
3.7422665438  0.00000e+00
3.7424204427  0.00000e+00
3.7425743416  0.00000e+00
3.7427282405  0.00000e+00
3.7428821394  0.00000e+00
3.7430360383  0.00000e+00
3.7431899372  0.00000e+00
3.7433438361  0.00000e+00
3.743497735  0.00000e+00
3.7436516339  0.00000e+00
3.7438055328  0.00000e+00
3.7439594317  0.00000e+00
3.7441133306  0.00000e+00
3.7442672295  0.00000e+00
3.7444211284  0.00000e+00
3.7445750273  0.00000e+00
3.7447289262  0.00000e+00
3.7448828251  0.00000e+00
3.745036724  0.00000e+00
3.7451906229  0.00000e+00
3.7453445218  0.00000e+00
3.7454984207  0.00000e+00
3.7456523196  0.00000e+00
3.7458062185  0.00000e+00
3.7459601174  0.00000e+00
3.7461140163  0.00000e+00
3.7462679152  0.00000e+00
3.7464218141  0.00000e+00
3.746575713  0.00000e+00
3.7467296119  0.00000e+00
3.7468835108  0.00000e+00
3.7470374097  0.00000e+00
3.7471913086  0.00000e+00
3.7473452075  0.00000e+00
3.7474991064  0.00000e+00
3.7476530053  0.00000e+00
3.7478069042  0.00000e+00
3.7479608031  0.00000e+00
3.748114702  0.00000e+00
3.7482686009  0.00000e+00
3.7484224998  0.00000e+00
3.7485763987  0.00000e+00
3.7487302976  0.00000e+00
3.7488841965  0.00000e+00
3.7490380954  0.00000e+00
3.7491919943  0.00000e+00
3.7493458932  0.00000e+00
3.7494997921  0.00000e+00
3.749653691  0.00000e+00
3.7498075899  0.00000e+00
3.7499614888  0.00000e+00
3.7501153877  0.00000e+00
3.7502692866  0.00000e+00
3.7504231855  0.00000e+00
3.7505770844  0.00000e+00
3.7507309833  0.00000e+00
3.7508848822  0.00000e+00
3.7510387811  0.00000e+00
3.75119268  0.00000e+00
3.7513465789  0.00000e+00
3.7515004778  0.00000e+00
3.7516543767  0.00000e+00
3.7518082756  0.00000e+00
3.7519621745  0.00000e+00
3.7521160734  0.00000e+00
3.7522699723  0.00000e+00
3.7524238712  0.00000e+00
3.7525777701  0.00000e+00
3.752731669  0.00000e+00
3.7528855679  0.00000e+00
3.7530394668  0.00000e+00
3.7531933657  0.00000e+00
3.7533472646  0.00000e+00
3.7535011635  0.00000e+00
3.7536550624  0.00000e+00
3.7538089613  0.00000e+00
3.7539628602  0.00000e+00
3.7541167591  0.00000e+00
3.754270658  0.00000e+00
3.7544245569  0.00000e+00
3.7545784558  0.00000e+00
3.7547323547  0.00000e+00
3.7548862536  0.00000e+00
3.7550401525  0.00000e+00
3.7551940514  0.00000e+00
3.7553479503  0.00000e+00
3.7555018492  0.00000e+00
3.7556557481  0.00000e+00
3.755809647  0.00000e+00
3.7559635459  0.00000e+00
3.7561174448  0.00000e+00
3.7562713437  0.00000e+00
3.7564252426  0.00000e+00
3.7565791415  0.00000e+00
3.7567330404  0.00000e+00
3.7568869393  0.00000e+00
3.7570408382  0.00000e+00
3.7571947371  0.00000e+00
3.757348636  0.00000e+00
3.7575025349  0.00000e+00
3.7576564338  0.00000e+00
3.7578103327  0.00000e+00
3.7579642316  0.00000e+00
3.7581181305  0.00000e+00
3.7582720294  0.00000e+00
3.7584259283  0.00000e+00
3.7585798272  0.00000e+00
3.7587337261  0.00000e+00
3.758887625  0.00000e+00
3.7590415239  0.00000e+00
3.7591954228  0.00000e+00
3.7593493217  0.00000e+00
3.7595032206  0.00000e+00
3.7596571195  0.00000e+00
3.7598110184  0.00000e+00
3.7599649173  0.00000e+00
3.7601188162  0.00000e+00
3.7602727151  0.00000e+00
3.760426614  0.00000e+00
3.7605805129  0.00000e+00
3.7607344118  0.00000e+00
3.7608883107  0.00000e+00
3.7610422096  0.00000e+00
3.7611961085  0.00000e+00
3.7613500074  0.00000e+00
3.7615039063  0.00000e+00
3.7616578052  0.00000e+00
3.7618117041  0.00000e+00
3.761965603  0.00000e+00
3.7621195019  0.00000e+00
3.7622734008  0.00000e+00
3.7624272997  0.00000e+00
3.7625811986  0.00000e+00
3.7627350975  0.00000e+00
3.7628889964  0.00000e+00
3.7630428953  0.00000e+00
3.7631967942  0.00000e+00
3.7633506931  0.00000e+00
3.763504592  0.00000e+00
3.7636584909  0.00000e+00
3.7638123898  0.00000e+00
3.7639662887  0.00000e+00
3.7641201876  0.00000e+00
3.7642740865  0.00000e+00
3.7644279854  0.00000e+00
3.7645818843  0.00000e+00
3.7647357832  0.00000e+00
3.7648896821  0.00000e+00
3.765043581  0.00000e+00
3.7651974799  0.00000e+00
3.7653513788  0.00000e+00
3.7655052777  0.00000e+00
3.7656591766  0.00000e+00
3.7658130755  0.00000e+00
3.7659669744  0.00000e+00
3.7661208733  0.00000e+00
3.7662747722  0.00000e+00
3.7664286711  0.00000e+00
3.76658257  0.00000e+00
3.7667364689  0.00000e+00
3.7668903678  0.00000e+00
3.7670442667  0.00000e+00
3.7671981656  0.00000e+00
3.7673520645  0.00000e+00
3.7675059634  0.00000e+00
3.7676598623  0.00000e+00
3.7678137612  0.00000e+00
3.7679676601  0.00000e+00
3.768121559  0.00000e+00
3.7682754579  0.00000e+00
3.7684293568  0.00000e+00
3.7685832557  0.00000e+00
3.7687371546  0.00000e+00
3.7688910535  0.00000e+00
3.7690449524  0.00000e+00
3.7691988513  0.00000e+00
3.7693527502  0.00000e+00
3.7695066491  0.00000e+00
3.769660548  0.00000e+00
3.7698144469  0.00000e+00
3.7699683458  0.00000e+00
3.7701222447  0.00000e+00
3.7702761436  0.00000e+00
3.7704300425  0.00000e+00
3.7705839414  0.00000e+00
3.7707378403  0.00000e+00
3.7708917392  0.00000e+00
3.7710456381  0.00000e+00
3.771199537  0.00000e+00
3.7713534359  0.00000e+00
3.7715073348  0.00000e+00
3.7716612337  0.00000e+00
3.7718151326  0.00000e+00
3.7719690315  0.00000e+00
3.7721229304  0.00000e+00
3.7722768293  0.00000e+00
3.7724307282  0.00000e+00
3.7725846271  0.00000e+00
3.772738526  0.00000e+00
3.7728924249  0.00000e+00
3.7730463238  0.00000e+00
3.7732002227  0.00000e+00
3.7733541216  0.00000e+00
3.7735080205  0.00000e+00
3.7736619194  0.00000e+00
3.7738158183  0.00000e+00
3.7739697172  0.00000e+00
3.7741236161  0.00000e+00
3.774277515  0.00000e+00
3.7744314139  0.00000e+00
3.7745853128  0.00000e+00
3.7747392117  0.00000e+00
3.7748931106  0.00000e+00
3.7750470095  0.00000e+00
3.7752009084  0.00000e+00
3.7753548073  0.00000e+00
3.7755087062  0.00000e+00
3.7756626051  0.00000e+00
3.775816504  0.00000e+00
3.7759704029  0.00000e+00
3.7761243018  0.00000e+00
3.7762782007  0.00000e+00
3.7764320996  0.00000e+00
3.7765859985  0.00000e+00
3.7767398974  0.00000e+00
3.7768937963  0.00000e+00
3.7770476952  0.00000e+00
3.7772015941  0.00000e+00
3.777355493  0.00000e+00
3.7775093919  0.00000e+00
3.7776632908  0.00000e+00
3.7778171897  0.00000e+00
3.7779710886  0.00000e+00
3.7781249875  0.00000e+00
3.7782788864  0.00000e+00
3.7784327853  0.00000e+00
3.7785866842  0.00000e+00
3.7787405831  0.00000e+00
3.778894482  0.00000e+00
3.7790483809  0.00000e+00
3.7792022798  0.00000e+00
3.7793561787  0.00000e+00
3.7795100776  0.00000e+00
3.7796639765  0.00000e+00
3.7798178754  0.00000e+00
3.7799717743  0.00000e+00
3.7801256732  0.00000e+00
3.7802795721  0.00000e+00
3.780433471  0.00000e+00
3.7805873699  0.00000e+00
3.7807412688  0.00000e+00
3.7808951677  0.00000e+00
3.7810490666  0.00000e+00
3.7812029655  0.00000e+00
3.7813568644  0.00000e+00
3.7815107633  0.00000e+00
3.7816646622  0.00000e+00
3.7818185611  0.00000e+00
3.78197246  0.00000e+00
3.7821263589  0.00000e+00
3.7822802578  0.00000e+00
3.7824341567  0.00000e+00
3.7825880556  0.00000e+00
3.7827419545  0.00000e+00
3.7828958534  0.00000e+00
3.7830497523  0.00000e+00
3.7832036512  0.00000e+00
3.7833575501  0.00000e+00
3.783511449  0.00000e+00
3.7836653479  0.00000e+00
3.7838192468  0.00000e+00
3.7839731457  0.00000e+00
3.7841270446  0.00000e+00
3.7842809435  0.00000e+00
3.7844348424  0.00000e+00
3.7845887413  0.00000e+00
3.7847426402  0.00000e+00
3.7848965391  0.00000e+00
3.785050438  0.00000e+00
3.7852043369  0.00000e+00
3.7853582358  0.00000e+00
3.7855121347  0.00000e+00
3.7856660336  0.00000e+00
3.7858199325  0.00000e+00
3.7859738314  0.00000e+00
3.7861277303  0.00000e+00
3.7862816292  0.00000e+00
3.7864355281  0.00000e+00
3.786589427  0.00000e+00
3.7867433259  0.00000e+00
3.7868972248  0.00000e+00
3.7870511237  0.00000e+00
3.7872050226  0.00000e+00
3.7873589215  0.00000e+00
3.7875128204  0.00000e+00
3.7876667193  0.00000e+00
3.7878206182  0.00000e+00
3.7879745171  0.00000e+00
3.788128416  0.00000e+00
3.7882823149  0.00000e+00
3.7884362138  0.00000e+00
3.7885901127  0.00000e+00
3.7887440116  0.00000e+00
3.7888979105  0.00000e+00
3.7890518094  0.00000e+00
3.7892057083  0.00000e+00
3.7893596072  0.00000e+00
3.7895135061  0.00000e+00
3.789667405  0.00000e+00
3.7898213039  0.00000e+00
3.7899752028  0.00000e+00
3.7901291017  0.00000e+00
3.7902830006  0.00000e+00
3.7904368995  0.00000e+00
3.7905907984  0.00000e+00
3.7907446973  0.00000e+00
3.7908985962  0.00000e+00
3.7910524951  0.00000e+00
3.791206394  0.00000e+00
3.7913602929  0.00000e+00
3.7915141918  0.00000e+00
3.7916680907  0.00000e+00
3.7918219896  0.00000e+00
3.7919758885  0.00000e+00
3.7921297874  0.00000e+00
3.7922836863  0.00000e+00
3.7924375852  0.00000e+00
3.7925914841  0.00000e+00
3.792745383  0.00000e+00
3.7928992819  0.00000e+00
3.7930531808  0.00000e+00
3.7932070797  0.00000e+00
3.7933609786  0.00000e+00
3.7935148775  0.00000e+00
3.7936687764  0.00000e+00
3.7938226753  0.00000e+00
3.7939765742  0.00000e+00
3.7941304731  0.00000e+00
3.794284372  0.00000e+00
3.7944382709  0.00000e+00
3.7945921698  0.00000e+00
3.7947460687  0.00000e+00
3.7948999676  0.00000e+00
3.7950538665  0.00000e+00
3.7952077654  0.00000e+00
3.7953616643  0.00000e+00
3.7955155632  0.00000e+00
3.7956694621  0.00000e+00
3.795823361  0.00000e+00
3.7959772599  0.00000e+00
3.7961311588  0.00000e+00
3.7962850577  0.00000e+00
3.7964389566  0.00000e+00
3.7965928555  0.00000e+00
3.7967467544  0.00000e+00
3.7969006533  0.00000e+00
3.7970545522  0.00000e+00
3.7972084511  0.00000e+00
3.79736235  0.00000e+00
3.7975162489  0.00000e+00
3.7976701478  0.00000e+00
3.7978240467  0.00000e+00
3.7979779456  0.00000e+00
3.7981318445  0.00000e+00
3.7982857434  0.00000e+00
3.7984396423  0.00000e+00
3.7985935412  0.00000e+00
3.7987474401  0.00000e+00
3.798901339  0.00000e+00
3.7990552379  0.00000e+00
3.7992091368  0.00000e+00
3.7993630357  0.00000e+00
3.7995169346  0.00000e+00
3.7996708335  0.00000e+00
3.7998247324  0.00000e+00
3.7999786313  0.00000e+00
3.8001325302  0.00000e+00
3.8002864291  0.00000e+00
3.800440328  0.00000e+00
3.8005942269  0.00000e+00
3.8007481258  0.00000e+00
3.8009020247  0.00000e+00
3.8010559236  0.00000e+00
3.8012098225  0.00000e+00
3.8013637214  0.00000e+00
3.8015176203  0.00000e+00
3.8016715192  0.00000e+00
3.8018254181  0.00000e+00
3.801979317  0.00000e+00
3.8021332159  0.00000e+00
3.8022871148  0.00000e+00
3.8024410137  0.00000e+00
3.8025949126  0.00000e+00
3.8027488115  0.00000e+00
3.8029027104  0.00000e+00
3.8030566093  0.00000e+00
3.8032105082  0.00000e+00
3.8033644071  0.00000e+00
3.803518306  0.00000e+00
3.8036722049  0.00000e+00
3.8038261038  0.00000e+00
3.8039800027  0.00000e+00
3.8041339016  0.00000e+00
3.8042878005  0.00000e+00
3.8044416994  0.00000e+00
3.8045955983  0.00000e+00
3.8047494972  0.00000e+00
3.8049033961  0.00000e+00
3.805057295  0.00000e+00
3.8052111939  0.00000e+00
3.8053650928  0.00000e+00
3.8055189917  0.00000e+00
3.8056728906  0.00000e+00
3.8058267895  0.00000e+00
3.8059806884  0.00000e+00
3.8061345873  0.00000e+00
3.8062884862  0.00000e+00
3.8064423851  0.00000e+00
3.806596284  0.00000e+00
3.8067501829  0.00000e+00
3.8069040818  0.00000e+00
3.8070579807  0.00000e+00
3.8072118796  0.00000e+00
3.8073657785  0.00000e+00
3.8075196774  0.00000e+00
3.8076735763  0.00000e+00
3.8078274752  0.00000e+00
3.8079813741  0.00000e+00
3.808135273  0.00000e+00
3.8082891719  0.00000e+00
3.8084430708  0.00000e+00
3.8085969697  0.00000e+00
3.8087508686  0.00000e+00
3.8089047675  0.00000e+00
3.8090586664  0.00000e+00
3.8092125653  0.00000e+00
3.8093664642  0.00000e+00
3.8095203631  0.00000e+00
3.809674262  0.00000e+00
3.8098281609  0.00000e+00
3.8099820598  0.00000e+00
3.8101359587  0.00000e+00
3.8102898576  0.00000e+00
3.8104437565  0.00000e+00
3.8105976554  0.00000e+00
3.8107515543  0.00000e+00
3.8109054532  0.00000e+00
3.8110593521  0.00000e+00
3.811213251  0.00000e+00
3.8113671499  0.00000e+00
3.8115210488  0.00000e+00
3.8116749477  0.00000e+00
3.8118288466  0.00000e+00
3.8119827455  0.00000e+00
3.8121366444  0.00000e+00
3.8122905433  0.00000e+00
3.8124444422  0.00000e+00
3.8125983411  0.00000e+00
3.81275224  0.00000e+00
3.8129061389  0.00000e+00
3.8130600378  0.00000e+00
3.8132139367  0.00000e+00
3.8133678356  0.00000e+00
3.8135217345  0.00000e+00
3.8136756334  0.00000e+00
3.8138295323  0.00000e+00
3.8139834312  0.00000e+00
3.8141373301  0.00000e+00
3.814291229  0.00000e+00
3.8144451279  0.00000e+00
3.8145990268  0.00000e+00
3.8147529257  0.00000e+00
3.8149068246  0.00000e+00
3.8150607235  0.00000e+00
3.8152146224  0.00000e+00
3.8153685213  0.00000e+00
3.8155224202  0.00000e+00
3.8156763191  0.00000e+00
3.815830218  0.00000e+00
3.8159841169  0.00000e+00
3.8161380158  0.00000e+00
3.8162919147  0.00000e+00
3.8164458136  0.00000e+00
3.8165997125  0.00000e+00
3.8167536114  0.00000e+00
3.8169075103  0.00000e+00
3.8170614092  0.00000e+00
3.8172153081  0.00000e+00
3.817369207  0.00000e+00
3.8175231059  0.00000e+00
3.8176770048  0.00000e+00
3.8178309037  0.00000e+00
3.8179848026  0.00000e+00
3.8181387015  0.00000e+00
3.8182926004  0.00000e+00
3.8184464993  0.00000e+00
3.8186003982  0.00000e+00
3.8187542971  0.00000e+00
3.818908196  0.00000e+00
3.8190620949  0.00000e+00
3.8192159938  0.00000e+00
3.8193698927  0.00000e+00
3.8195237916  0.00000e+00
3.8196776905  0.00000e+00
3.8198315894  0.00000e+00
3.8199854883  0.00000e+00
3.8201393872  0.00000e+00
3.8202932861  0.00000e+00
3.820447185  0.00000e+00
3.8206010839  0.00000e+00
3.8207549828  0.00000e+00
3.8209088817  0.00000e+00
3.8210627806  0.00000e+00
3.8212166795  0.00000e+00
3.8213705784  0.00000e+00
3.8215244773  0.00000e+00
3.8216783762  0.00000e+00
3.8218322751  0.00000e+00
3.821986174  0.00000e+00
3.8221400729  0.00000e+00
3.8222939718  0.00000e+00
3.8224478707  0.00000e+00
3.8226017696  0.00000e+00
3.8227556685  0.00000e+00
3.8229095674  0.00000e+00
3.8230634663  0.00000e+00
3.8232173652  0.00000e+00
3.8233712641  0.00000e+00
3.823525163  0.00000e+00
3.8236790619  0.00000e+00
3.8238329608  0.00000e+00
3.8239868597  0.00000e+00
3.8241407586  0.00000e+00
3.8242946575  0.00000e+00
3.8244485564  0.00000e+00
3.8246024553  0.00000e+00
3.8247563542  0.00000e+00
3.8249102531  0.00000e+00
3.825064152  0.00000e+00
3.8252180509  0.00000e+00
3.8253719498  0.00000e+00
3.8255258487  0.00000e+00
3.8256797476  0.00000e+00
3.8258336465  0.00000e+00
3.8259875454  0.00000e+00
3.8261414443  0.00000e+00
3.8262953432  0.00000e+00
3.8264492421  0.00000e+00
3.826603141  0.00000e+00
3.8267570399  0.00000e+00
3.8269109388  0.00000e+00
3.8270648377  0.00000e+00
3.8272187366  0.00000e+00
3.8273726355  0.00000e+00
3.8275265344  0.00000e+00
3.8276804333  0.00000e+00
3.8278343322  0.00000e+00
3.8279882311  0.00000e+00
3.82814213  0.00000e+00
3.8282960289  0.00000e+00
3.8284499278  0.00000e+00
3.8286038267  0.00000e+00
3.8287577256  0.00000e+00
3.8289116245  0.00000e+00
3.8290655234  0.00000e+00
3.8292194223  0.00000e+00
3.8293733212  0.00000e+00
3.8295272201  0.00000e+00
3.829681119  0.00000e+00
3.8298350179  0.00000e+00
3.8299889168  0.00000e+00
3.8301428157  0.00000e+00
3.8302967146  0.00000e+00
3.8304506135  0.00000e+00
3.8306045124  0.00000e+00
3.8307584113  0.00000e+00
3.8309123102  0.00000e+00
3.8310662091  0.00000e+00
3.831220108  0.00000e+00
3.8313740069  0.00000e+00
3.8315279058  0.00000e+00
3.8316818047  0.00000e+00
3.8318357036  0.00000e+00
3.8319896025  0.00000e+00
3.8321435014  0.00000e+00
3.8322974003  0.00000e+00
3.8324512992  0.00000e+00
3.8326051981  0.00000e+00
3.832759097  0.00000e+00
3.8329129959  0.00000e+00
3.8330668948  0.00000e+00
3.8332207937  0.00000e+00
3.8333746926  0.00000e+00
3.8335285915  0.00000e+00
3.8336824904  0.00000e+00
3.8338363893  0.00000e+00
3.8339902882  0.00000e+00
3.8341441871  0.00000e+00
3.834298086  0.00000e+00
3.8344519849  0.00000e+00
3.8346058838  0.00000e+00
3.8347597827  0.00000e+00
3.8349136816  0.00000e+00
3.8350675805  0.00000e+00
3.8352214794  0.00000e+00
3.8353753783  0.00000e+00
3.8355292772  0.00000e+00
3.8356831761  0.00000e+00
3.835837075  0.00000e+00
3.8359909739  0.00000e+00
3.8361448728  0.00000e+00
3.8362987717  0.00000e+00
3.8364526706  0.00000e+00
3.8366065695  0.00000e+00
3.8367604684  0.00000e+00
3.8369143673  0.00000e+00
3.8370682662  0.00000e+00
3.8372221651  0.00000e+00
3.837376064  0.00000e+00
3.8375299629  0.00000e+00
3.8376838618  0.00000e+00
3.8378377607  0.00000e+00
3.8379916596  0.00000e+00
3.8381455585  0.00000e+00
3.8382994574  0.00000e+00
3.8384533563  0.00000e+00
3.8386072552  0.00000e+00
3.8387611541  0.00000e+00
3.838915053  0.00000e+00
3.8390689519  0.00000e+00
3.8392228508  0.00000e+00
3.8393767497  0.00000e+00
3.8395306486  0.00000e+00
3.8396845475  0.00000e+00
3.8398384464  0.00000e+00
3.8399923453  0.00000e+00
3.8401462442  0.00000e+00
3.8403001431  0.00000e+00
3.840454042  0.00000e+00
3.8406079409  0.00000e+00
3.8407618398  0.00000e+00
3.8409157387  0.00000e+00
3.8410696376  0.00000e+00
3.8412235365  0.00000e+00
3.8413774354  0.00000e+00
3.8415313343  0.00000e+00
3.8416852332  0.00000e+00
3.8418391321  0.00000e+00
3.841993031  0.00000e+00
3.8421469299  0.00000e+00
3.8423008288  0.00000e+00
3.8424547277  0.00000e+00
3.8426086266  0.00000e+00
3.8427625255  0.00000e+00
3.8429164244  0.00000e+00
3.8430703233  0.00000e+00
3.8432242222  0.00000e+00
3.8433781211  0.00000e+00
3.84353202  0.00000e+00
3.8436859189  0.00000e+00
3.8438398178  0.00000e+00
3.8439937167  0.00000e+00
3.8441476156  0.00000e+00
3.8443015145  0.00000e+00
3.8444554134  0.00000e+00
3.8446093123  0.00000e+00
3.8447632112  0.00000e+00
3.8449171101  0.00000e+00
3.845071009  0.00000e+00
3.8452249079  0.00000e+00
3.8453788068  0.00000e+00
3.8455327057  0.00000e+00
3.8456866046  0.00000e+00
3.8458405035  0.00000e+00
3.8459944024  0.00000e+00
3.8461483013  0.00000e+00
3.8463022002  0.00000e+00
3.8464560991  0.00000e+00
3.846609998  0.00000e+00
3.8467638969  0.00000e+00
3.8469177958  0.00000e+00
3.8470716947  0.00000e+00
3.8472255936  0.00000e+00
3.8473794925  0.00000e+00
3.8475333914  0.00000e+00
3.8476872903  0.00000e+00
3.8478411892  0.00000e+00
3.8479950881  0.00000e+00
3.848148987  0.00000e+00
3.8483028859  0.00000e+00
3.8484567848  0.00000e+00
3.8486106837  0.00000e+00
3.8487645826  0.00000e+00
3.8489184815  0.00000e+00
3.8490723804  0.00000e+00
3.8492262793  0.00000e+00
3.8493801782  0.00000e+00
3.8495340771  0.00000e+00
3.849687976  0.00000e+00
3.8498418749  0.00000e+00
3.8499957738  0.00000e+00
3.8501496727  0.00000e+00
3.8503035716  0.00000e+00
3.8504574705  0.00000e+00
3.8506113694  0.00000e+00
3.8507652683  0.00000e+00
3.8509191672  0.00000e+00
3.8510730661  0.00000e+00
3.851226965  0.00000e+00
3.8513808639  0.00000e+00
3.8515347628  0.00000e+00
3.8516886617  0.00000e+00
3.8518425606  0.00000e+00
3.8519964595  0.00000e+00
3.8521503584  0.00000e+00
3.8523042573  0.00000e+00
3.8524581562  0.00000e+00
3.8526120551  0.00000e+00
3.852765954  0.00000e+00
3.8529198529  0.00000e+00
3.8530737518  0.00000e+00
3.8532276507  0.00000e+00
3.8533815496  0.00000e+00
3.8535354485  0.00000e+00
3.8536893474  0.00000e+00
3.8538432463  0.00000e+00
3.8539971452  0.00000e+00
3.8541510441  0.00000e+00
3.854304943  0.00000e+00
3.8544588419  0.00000e+00
3.8546127408  0.00000e+00
3.8547666397  0.00000e+00
3.8549205386  0.00000e+00
3.8550744375  0.00000e+00
3.8552283364  0.00000e+00
3.8553822353  0.00000e+00
3.8555361342  0.00000e+00
3.8556900331  0.00000e+00
3.855843932  0.00000e+00
3.8559978309  0.00000e+00
3.8561517298  0.00000e+00
3.8563056287  0.00000e+00
3.8564595276  0.00000e+00
3.8566134265  0.00000e+00
3.8567673254  0.00000e+00
3.8569212243  0.00000e+00
3.8570751232  0.00000e+00
3.8572290221  0.00000e+00
3.857382921  0.00000e+00
3.8575368199  0.00000e+00
3.8576907188  0.00000e+00
3.8578446177  0.00000e+00
3.8579985166  0.00000e+00
3.8581524155  0.00000e+00
3.8583063144  0.00000e+00
3.8584602133  0.00000e+00
3.8586141122  0.00000e+00
3.8587680111  0.00000e+00
3.85892191  0.00000e+00
3.8590758089  0.00000e+00
3.8592297078  0.00000e+00
3.8593836067  0.00000e+00
3.8595375056  0.00000e+00
3.8596914045  0.00000e+00
3.8598453034  0.00000e+00
3.8599992023  0.00000e+00
3.8601531012  0.00000e+00
3.8603070001  0.00000e+00
3.860460899  0.00000e+00
3.8606147979  0.00000e+00
3.8607686968  0.00000e+00
3.8609225957  0.00000e+00
3.8610764946  0.00000e+00
3.8612303935  0.00000e+00
3.8613842924  0.00000e+00
3.8615381913  0.00000e+00
3.8616920902  0.00000e+00
3.8618459891  0.00000e+00
3.861999888  0.00000e+00
3.8621537869  0.00000e+00
3.8623076858  0.00000e+00
3.8624615847  0.00000e+00
3.8626154836  0.00000e+00
3.8627693825  0.00000e+00
3.8629232814  0.00000e+00
3.8630771803  0.00000e+00
3.8632310792  0.00000e+00
3.8633849781  0.00000e+00
3.863538877  0.00000e+00
3.8636927759  0.00000e+00
3.8638466748  0.00000e+00
3.8640005737  0.00000e+00
3.8641544726  0.00000e+00
3.8643083715  0.00000e+00
3.8644622704  0.00000e+00
3.8646161693  0.00000e+00
3.8647700682  0.00000e+00
3.8649239671  0.00000e+00
3.865077866  0.00000e+00
3.8652317649  0.00000e+00
3.8653856638  0.00000e+00
3.8655395627  0.00000e+00
3.8656934616  0.00000e+00
3.8658473605  0.00000e+00
3.8660012594  0.00000e+00
3.8661551583  0.00000e+00
3.8663090572  0.00000e+00
3.8664629561  0.00000e+00
3.866616855  0.00000e+00
3.8667707539  0.00000e+00
3.8669246528  0.00000e+00
3.8670785517  0.00000e+00
3.8672324506  0.00000e+00
3.8673863495  0.00000e+00
3.8675402484  0.00000e+00
3.8676941473  0.00000e+00
3.8678480462  0.00000e+00
3.8680019451  0.00000e+00
3.868155844  0.00000e+00
3.8683097429  0.00000e+00
3.8684636418  0.00000e+00
3.8686175407  0.00000e+00
3.8687714396  0.00000e+00
3.8689253385  0.00000e+00
3.8690792374  0.00000e+00
3.8692331363  0.00000e+00
3.8693870352  0.00000e+00
3.8695409341  0.00000e+00
3.869694833  0.00000e+00
3.8698487319  0.00000e+00
3.8700026308  0.00000e+00
3.8701565297  0.00000e+00
3.8703104286  0.00000e+00
3.8704643275  0.00000e+00
3.8706182264  0.00000e+00
3.8707721253  0.00000e+00
3.8709260242  0.00000e+00
3.8710799231  0.00000e+00
3.871233822  0.00000e+00
3.8713877209  0.00000e+00
3.8715416198  0.00000e+00
3.8716955187  0.00000e+00
3.8718494176  0.00000e+00
3.8720033165  0.00000e+00
3.8721572154  0.00000e+00
3.8723111143  0.00000e+00
3.8724650132  0.00000e+00
3.8726189121  0.00000e+00
3.872772811  0.00000e+00
3.8729267099  0.00000e+00
3.8730806088  0.00000e+00
3.8732345077  0.00000e+00
3.8733884066  0.00000e+00
3.8735423055  0.00000e+00
3.8736962044  0.00000e+00
3.8738501033  0.00000e+00
3.8740040022  0.00000e+00
3.8741579011  0.00000e+00
