# This is a modified version of the default new UV Fe template
# All emission shortward of 1560 Angstroms has been removed. Otherwise:
# [1000, 2200] use Vestergaard01 2001ApJS..134....1V [Fe_UVtemplt_A.asc]
# [2200, 3090] use Salviander07, 2007ApJ...662..131S,
# which extrapolates undernearth the MgII line;
# The Salviander template has a coarse wavelength sampling than Vestergaard,
# so I interpolate it to the Vestergaard wavelength dispersion
# [3090, 3500] use Tsuzuki06, the wavelength dispersion is similar
# (although slightly larger) to Vestergaard
## log10(wave)  flux (erg/s/cm2/A)  dispersion=103.6 km/s
 3.03140e+00  0.00000e+00
 3.03155e+00  0.00000e+00
 3.03170e+00  0.00000e+00
 3.03185e+00  0.00000e+00
 3.03200e+00  0.00000e+00
 3.03215e+00  0.00000e+00
 3.03230e+00  0.00000e+00
 3.03245e+00  0.00000e+00
 3.03260e+00  0.00000e+00
 3.03275e+00  0.00000e+00
 3.03290e+00  0.00000e+00
 3.03305e+00  0.00000e+00
 3.03320e+00  0.00000e+00
 3.03335e+00  0.00000e+00
 3.03350e+00  0.00000e+00
 3.03365e+00  0.00000e+00
 3.03380e+00  0.00000e+00
 3.03395e+00  0.00000e+00
 3.03410e+00  0.00000e+00
 3.03425e+00  0.00000e+00
 3.03440e+00  0.00000e+00
 3.03455e+00  0.00000e+00
 3.03470e+00  0.00000e+00
 3.03485e+00  0.00000e+00
 3.03500e+00  0.00000e+00
 3.03515e+00  0.00000e+00
 3.03530e+00  0.00000e+00
 3.03545e+00  0.00000e+00
 3.03560e+00  0.00000e+00
 3.03575e+00  0.00000e+00
 3.03590e+00  0.00000e+00
 3.03605e+00  0.00000e+00
 3.03620e+00  0.00000e+00
 3.03635e+00  0.00000e+00
 3.03650e+00  0.00000e+00
 3.03665e+00  0.00000e+00
 3.03680e+00  0.00000e+00
 3.03695e+00  0.00000e+00
 3.03710e+00  0.00000e+00
 3.03725e+00  0.00000e+00
 3.03740e+00  0.00000e+00
 3.03755e+00  0.00000e+00
 3.03770e+00  0.00000e+00
 3.03785e+00  0.00000e+00
 3.03800e+00  0.00000e+00
 3.03815e+00  0.00000e+00
 3.03830e+00  0.00000e+00
 3.03845e+00  0.00000e+00
 3.03860e+00  0.00000e+00
 3.03875e+00  0.00000e+00
 3.03890e+00  0.00000e+00
 3.03905e+00  0.00000e+00
 3.03920e+00  0.00000e+00
 3.03935e+00  0.00000e+00
 3.03950e+00  0.00000e+00
 3.03965e+00  0.00000e+00
 3.03980e+00  0.00000e+00
 3.03995e+00  0.00000e+00
 3.04010e+00  0.00000e+00
 3.04025e+00  0.00000e+00
 3.04040e+00  0.00000e+00
 3.04055e+00  0.00000e+00
 3.04070e+00  0.00000e+00
 3.04085e+00  0.00000e+00
 3.04100e+00  0.00000e+00
 3.04115e+00  0.00000e+00
 3.04130e+00  0.00000e+00
 3.04145e+00  0.00000e+00
 3.04160e+00  0.00000e+00
 3.04175e+00  0.00000e+00
 3.04190e+00  0.00000e+00
 3.04205e+00  0.00000e+00
 3.04220e+00  0.00000e+00
 3.04235e+00  0.00000e+00
 3.04250e+00  0.00000e+00
 3.04265e+00  0.00000e+00
 3.04280e+00  0.00000e+00
 3.04295e+00  0.00000e+00
 3.04310e+00  0.00000e+00
 3.04325e+00  0.00000e+00
 3.04340e+00  0.00000e+00
 3.04355e+00  0.00000e+00
 3.04370e+00  0.00000e+00
 3.04385e+00  0.00000e+00
 3.04400e+00  0.00000e+00
 3.04415e+00  0.00000e+00
 3.04430e+00  0.00000e+00
 3.04445e+00  0.00000e+00
 3.04460e+00  0.00000e+00
 3.04475e+00  0.00000e+00
 3.04490e+00  0.00000e+00
 3.04505e+00  0.00000e+00
 3.04520e+00  0.00000e+00
 3.04535e+00  0.00000e+00
 3.04550e+00  0.00000e+00
 3.04565e+00  0.00000e+00
 3.04580e+00  0.00000e+00
 3.04595e+00  0.00000e+00
 3.04610e+00  0.00000e+00
 3.04625e+00  0.00000e+00
 3.04640e+00  0.00000e+00
 3.04655e+00  0.00000e+00
 3.04670e+00  0.00000e+00
 3.04685e+00  0.00000e+00
 3.04700e+00  0.00000e+00
 3.04715e+00  0.00000e+00
 3.04730e+00  0.00000e+00
 3.04745e+00  0.00000e+00
 3.04760e+00  0.00000e+00
 3.04775e+00  0.00000e+00
 3.04790e+00  0.00000e+00
 3.04805e+00  0.00000e+00
 3.04820e+00  0.00000e+00
 3.04835e+00  0.00000e+00
 3.04850e+00  0.00000e+00
 3.04865e+00  0.00000e+00
 3.04880e+00  0.00000e+00
 3.04895e+00  0.00000e+00
 3.04910e+00  0.00000e+00
 3.04925e+00  0.00000e+00
 3.04940e+00  0.00000e+00
 3.04955e+00  0.00000e+00
 3.04970e+00  0.00000e+00
 3.04985e+00  0.00000e+00
 3.05000e+00  0.00000e+00
 3.05015e+00  0.00000e+00
 3.05030e+00  0.00000e+00
 3.05045e+00  0.00000e+00
 3.05060e+00  0.00000e+00
 3.05075e+00  0.00000e+00
 3.05090e+00  0.00000e+00
 3.05105e+00  0.00000e+00
 3.05120e+00  0.00000e+00
 3.05135e+00  0.00000e+00
 3.05150e+00  0.00000e+00
 3.05165e+00  0.00000e+00
 3.05180e+00  0.00000e+00
 3.05195e+00  0.00000e+00
 3.05210e+00  0.00000e+00
 3.05225e+00  0.00000e+00
 3.05240e+00  0.00000e+00
 3.05255e+00  0.00000e+00
 3.05270e+00  0.00000e+00
 3.05285e+00  0.00000e+00
 3.05300e+00  0.00000e+00
 3.05315e+00  0.00000e+00
 3.05330e+00  0.00000e+00
 3.05345e+00  0.00000e+00
 3.05360e+00  0.00000e+00
 3.05375e+00  0.00000e+00
 3.05390e+00  0.00000e+00
 3.05405e+00  0.00000e+00
 3.05420e+00  0.00000e+00
 3.05435e+00  0.00000e+00
 3.05450e+00  0.00000e+00
 3.05465e+00  0.00000e+00
 3.05480e+00  0.00000e+00
 3.05495e+00  0.00000e+00
 3.05510e+00  0.00000e+00
 3.05525e+00  0.00000e+00
 3.05540e+00  0.00000e+00
 3.05555e+00  0.00000e+00
 3.05570e+00  0.00000e+00
 3.05585e+00  0.00000e+00
 3.05600e+00  0.00000e+00
 3.05615e+00  0.00000e+00
 3.05630e+00  0.00000e+00
 3.05645e+00  0.00000e+00
 3.05660e+00  0.00000e+00
 3.05675e+00  0.00000e+00
 3.05690e+00  0.00000e+00
 3.05705e+00  0.00000e+00
 3.05720e+00  0.00000e+00
 3.05735e+00  0.00000e+00
 3.05750e+00  0.00000e+00
 3.05765e+00  0.00000e+00
 3.05780e+00  0.00000e+00
 3.05795e+00  0.00000e+00
 3.05810e+00  0.00000e+00
 3.05825e+00  0.00000e+00
 3.05840e+00  0.00000e+00
 3.05855e+00  0.00000e+00
 3.05870e+00  0.00000e+00
 3.05885e+00  0.00000e+00
 3.05900e+00  0.00000e+00
 3.05915e+00  0.00000e+00
 3.05930e+00  0.00000e+00
 3.05945e+00  0.00000e+00
 3.05960e+00  0.00000e+00
 3.05975e+00  0.00000e+00
 3.05990e+00  0.00000e+00
 3.06005e+00  0.00000e+00
 3.06020e+00  0.00000e+00
 3.06035e+00  0.00000e+00
 3.06050e+00  0.00000e+00
 3.06065e+00  0.00000e+00
 3.06080e+00  0.00000e+00
 3.06095e+00  0.00000e+00
 3.06110e+00  0.00000e+00
 3.06125e+00  0.00000e+00
 3.06140e+00  0.00000e+00
 3.06155e+00  0.00000e+00
 3.06170e+00  0.00000e+00
 3.06185e+00  0.00000e+00
 3.06200e+00  0.00000e+00
 3.06215e+00  0.00000e+00
 3.06230e+00  0.00000e+00
 3.06245e+00  0.00000e+00
 3.06260e+00  0.00000e+00
 3.06275e+00  0.00000e+00
 3.06290e+00  0.00000e+00
 3.06305e+00  0.00000e+00
 3.06320e+00  0.00000e+00
 3.06335e+00  0.00000e+00
 3.06350e+00  0.00000e+00
 3.06365e+00  0.00000e+00
 3.06380e+00  0.00000e+00
 3.06395e+00  0.00000e+00
 3.06410e+00  0.00000e+00
 3.06425e+00  0.00000e+00
 3.06440e+00  0.00000e+00
 3.06455e+00  0.00000e+00
 3.06470e+00  0.00000e+00
 3.06485e+00  0.00000e+00
 3.06500e+00  0.00000e+00
 3.06515e+00  0.00000e+00
 3.06530e+00  0.00000e+00
 3.06545e+00  0.00000e+00
 3.06560e+00  0.00000e+00
 3.06575e+00  0.00000e+00
 3.06590e+00  0.00000e+00
 3.06605e+00  0.00000e+00
 3.06620e+00  0.00000e+00
 3.06635e+00  0.00000e+00
 3.06650e+00  0.00000e+00
 3.06665e+00  0.00000e+00
 3.06680e+00  0.00000e+00
 3.06695e+00  0.00000e+00
 3.06710e+00  0.00000e+00
 3.06725e+00  0.00000e+00
 3.06740e+00  0.00000e+00
 3.06755e+00  0.00000e+00
 3.06770e+00  0.00000e+00
 3.06785e+00  0.00000e+00
 3.06800e+00  0.00000e+00
 3.06815e+00  0.00000e+00
 3.06830e+00  0.00000e+00
 3.06845e+00  0.00000e+00
 3.06860e+00  0.00000e+00
 3.06875e+00  0.00000e+00
 3.06890e+00  0.00000e+00
 3.06905e+00  0.00000e+00
 3.06920e+00  0.00000e+00
 3.06935e+00  0.00000e+00
 3.06950e+00  0.00000e+00
 3.06965e+00  0.00000e+00
 3.06980e+00  0.00000e+00
 3.06995e+00  0.00000e+00
 3.07010e+00  0.00000e+00
 3.07025e+00  0.00000e+00
 3.07040e+00  0.00000e+00
 3.07055e+00  0.00000e+00
 3.07070e+00  0.00000e+00
 3.07085e+00  0.00000e+00
 3.07100e+00  0.00000e+00
 3.07115e+00  0.00000e+00
 3.07130e+00  0.00000e+00
 3.07145e+00  0.00000e+00
 3.07160e+00  0.00000e+00
 3.07175e+00  0.00000e+00
 3.07190e+00  0.00000e+00
 3.07205e+00  0.00000e+00
 3.07220e+00  0.00000e+00
 3.07235e+00  0.00000e+00
 3.07250e+00  0.00000e+00
 3.07265e+00  0.00000e+00
 3.07280e+00  0.00000e+00
 3.07295e+00  0.00000e+00
 3.07310e+00  0.00000e+00
 3.07325e+00  0.00000e+00
 3.07340e+00  0.00000e+00
 3.07355e+00  0.00000e+00
 3.07370e+00  0.00000e+00
 3.07385e+00  0.00000e+00
 3.07400e+00  0.00000e+00
 3.07415e+00  0.00000e+00
 3.07430e+00  0.00000e+00
 3.07445e+00  0.00000e+00
 3.07460e+00  0.00000e+00
 3.07475e+00  0.00000e+00
 3.07490e+00  0.00000e+00
 3.07505e+00  0.00000e+00
 3.07520e+00  0.00000e+00
 3.07535e+00  0.00000e+00
 3.07550e+00  0.00000e+00
 3.07565e+00  0.00000e+00
 3.07580e+00  0.00000e+00
 3.07595e+00  0.00000e+00
 3.07610e+00  0.00000e+00
 3.07625e+00  0.00000e+00
 3.07640e+00  0.00000e+00
 3.07655e+00  0.00000e+00
 3.07670e+00  0.00000e+00
 3.07685e+00  0.00000e+00
 3.07700e+00  0.00000e+00
 3.07715e+00  0.00000e+00
 3.07730e+00  0.00000e+00
 3.07745e+00  0.00000e+00
 3.07760e+00  0.00000e+00
 3.07775e+00  0.00000e+00
 3.07790e+00  0.00000e+00
 3.07805e+00  0.00000e+00
 3.07820e+00  0.00000e+00
 3.07835e+00  0.00000e+00
 3.07850e+00  0.00000e+00
 3.07865e+00  0.00000e+00
 3.07880e+00  0.00000e+00
 3.07895e+00  0.00000e+00
 3.07910e+00  0.00000e+00
 3.07925e+00  0.00000e+00
 3.07940e+00  0.00000e+00
 3.07955e+00  0.00000e+00
 3.07970e+00  0.00000e+00
 3.07985e+00  0.00000e+00
 3.08000e+00  0.00000e+00
 3.08015e+00  0.00000e+00
 3.08030e+00  0.00000e+00
 3.08045e+00  0.00000e+00
 3.08060e+00  0.00000e+00
 3.08075e+00  0.00000e+00
 3.08090e+00  0.00000e+00
 3.08105e+00  0.00000e+00
 3.08120e+00  0.00000e+00
 3.08135e+00  0.00000e+00
 3.08150e+00  0.00000e+00
 3.08165e+00  0.00000e+00
 3.08180e+00  0.00000e+00
 3.08195e+00  0.00000e+00
 3.08210e+00  0.00000e+00
 3.08225e+00  0.00000e+00
 3.08240e+00  0.00000e+00
 3.08255e+00  0.00000e+00
 3.08270e+00  0.00000e+00
 3.08285e+00  0.00000e+00
 3.08300e+00  0.00000e+00
 3.08315e+00  0.00000e+00
 3.08330e+00  0.00000e+00
 3.08345e+00  0.00000e+00
 3.08360e+00  0.00000e+00
 3.08375e+00  0.00000e+00
 3.08390e+00  0.00000e+00
 3.08405e+00  0.00000e+00
 3.08420e+00  0.00000e+00
 3.08435e+00  0.00000e+00
 3.08450e+00  0.00000e+00
 3.08465e+00  0.00000e+00
 3.08480e+00  0.00000e+00
 3.08495e+00  0.00000e+00
 3.08510e+00  0.00000e+00
 3.08525e+00  0.00000e+00
 3.08540e+00  0.00000e+00
 3.08555e+00  0.00000e+00
 3.08570e+00  0.00000e+00
 3.08585e+00  0.00000e+00
 3.08600e+00  0.00000e+00
 3.08615e+00  0.00000e+00
 3.08630e+00  0.00000e+00
 3.08645e+00  0.00000e+00
 3.08660e+00  0.00000e+00
 3.08675e+00  0.00000e+00
 3.08690e+00  0.00000e+00
 3.08705e+00  0.00000e+00
 3.08720e+00  0.00000e+00
 3.08735e+00  0.00000e+00
 3.08750e+00  0.00000e+00
 3.08765e+00  0.00000e+00
 3.08780e+00  0.00000e+00
 3.08795e+00  0.00000e+00
 3.08810e+00  0.00000e+00
 3.08825e+00  0.00000e+00
 3.08840e+00  0.00000e+00
 3.08855e+00  0.00000e+00
 3.08870e+00  0.00000e+00
 3.08885e+00  0.00000e+00
 3.08900e+00  0.00000e+00
 3.08915e+00  0.00000e+00
 3.08930e+00  0.00000e+00
 3.08945e+00  0.00000e+00
 3.08960e+00  0.00000e+00
 3.08975e+00  0.00000e+00
 3.08990e+00  0.00000e+00
 3.09005e+00  0.00000e+00
 3.09020e+00  0.00000e+00
 3.09035e+00  0.00000e+00
 3.09050e+00  0.00000e+00
 3.09065e+00  0.00000e+00
 3.09080e+00  0.00000e+00
 3.09095e+00  0.00000e+00
 3.09110e+00  0.00000e+00
 3.09125e+00  0.00000e+00
 3.09140e+00  0.00000e+00
 3.09155e+00  0.00000e+00
 3.09170e+00  0.00000e+00
 3.09185e+00  0.00000e+00
 3.09200e+00  0.00000e+00
 3.09215e+00  0.00000e+00
 3.09230e+00  0.00000e+00
 3.09245e+00  0.00000e+00
 3.09260e+00  0.00000e+00
 3.09275e+00  0.00000e+00
 3.09290e+00  0.00000e+00
 3.09305e+00  0.00000e+00
 3.09320e+00  0.00000e+00
 3.09335e+00  0.00000e+00
 3.09350e+00  0.00000e+00
 3.09365e+00  0.00000e+00
 3.09380e+00  0.00000e+00
 3.09395e+00  0.00000e+00
 3.09410e+00  0.00000e+00
 3.09425e+00  0.00000e+00
 3.09440e+00  0.00000e+00
 3.09455e+00  0.00000e+00
 3.09470e+00  0.00000e+00
 3.09485e+00  0.00000e+00
 3.09500e+00  0.00000e+00
 3.09515e+00  0.00000e+00
 3.09530e+00  0.00000e+00
 3.09545e+00  0.00000e+00
 3.09560e+00  0.00000e+00
 3.09575e+00  0.00000e+00
 3.09590e+00  0.00000e+00
 3.09605e+00  0.00000e+00
 3.09620e+00  0.00000e+00
 3.09635e+00  0.00000e+00
 3.09650e+00  0.00000e+00
 3.09665e+00  0.00000e+00
 3.09680e+00  0.00000e+00
 3.09695e+00  0.00000e+00
 3.09710e+00  0.00000e+00
 3.09725e+00  0.00000e+00
 3.09740e+00  0.00000e+00
 3.09755e+00  0.00000e+00
 3.09770e+00  0.00000e+00
 3.09785e+00  0.00000e+00
 3.09800e+00  0.00000e+00
 3.09815e+00  0.00000e+00
 3.09830e+00  0.00000e+00
 3.09845e+00  0.00000e+00
 3.09860e+00  0.00000e+00
 3.09875e+00  0.00000e+00
 3.09890e+00  0.00000e+00
 3.09905e+00  0.00000e+00
 3.09920e+00  0.00000e+00
 3.09935e+00  0.00000e+00
 3.09950e+00  0.00000e+00
 3.09965e+00  0.00000e+00
 3.09980e+00  0.00000e+00
 3.09995e+00  0.00000e+00
 3.10010e+00  0.00000e+00
 3.10025e+00  0.00000e+00
 3.10040e+00  0.00000e+00
 3.10055e+00  0.00000e+00
 3.10070e+00  0.00000e+00
 3.10085e+00  0.00000e+00
 3.10100e+00  0.00000e+00
 3.10115e+00  0.00000e+00
 3.10130e+00  0.00000e+00
 3.10145e+00  0.00000e+00
 3.10160e+00  0.00000e+00
 3.10175e+00  0.00000e+00
 3.10190e+00  0.00000e+00
 3.10205e+00  0.00000e+00
 3.10220e+00  0.00000e+00
 3.10235e+00  0.00000e+00
 3.10250e+00  0.00000e+00
 3.10265e+00  0.00000e+00
 3.10280e+00  0.00000e+00
 3.10295e+00  0.00000e+00
 3.10310e+00  0.00000e+00
 3.10325e+00  0.00000e+00
 3.10340e+00  0.00000e+00
 3.10355e+00  0.00000e+00
 3.10370e+00  0.00000e+00
 3.10385e+00  0.00000e+00
 3.10400e+00  0.00000e+00
 3.10415e+00  0.00000e+00
 3.10430e+00  0.00000e+00
 3.10445e+00  0.00000e+00
 3.10460e+00  0.00000e+00
 3.10475e+00  0.00000e+00
 3.10490e+00  0.00000e+00
 3.10505e+00  0.00000e+00
 3.10520e+00  0.00000e+00
 3.10535e+00  0.00000e+00
 3.10550e+00  0.00000e+00
 3.10565e+00  0.00000e+00
 3.10580e+00  0.00000e+00
 3.10595e+00  0.00000e+00
 3.10610e+00  0.00000e+00
 3.10625e+00  0.00000e+00
 3.10640e+00  0.00000e+00
 3.10655e+00  0.00000e+00
 3.10670e+00  0.00000e+00
 3.10685e+00  0.00000e+00
 3.10700e+00  0.00000e+00
 3.10715e+00  0.00000e+00
 3.10730e+00  0.00000e+00
 3.10745e+00  0.00000e+00
 3.10760e+00  0.00000e+00
 3.10775e+00  0.00000e+00
 3.10790e+00  0.00000e+00
 3.10805e+00  0.00000e+00
 3.10820e+00  0.00000e+00
 3.10835e+00  0.00000e+00
 3.10850e+00  0.00000e+00
 3.10865e+00  0.00000e+00
 3.10880e+00  0.00000e+00
 3.10895e+00  0.00000e+00
 3.10910e+00  0.00000e+00
 3.10925e+00  0.00000e+00
 3.10940e+00  0.00000e+00
 3.10955e+00  0.00000e+00
 3.10970e+00  0.00000e+00
 3.10985e+00  0.00000e+00
 3.11000e+00  0.00000e+00
 3.11015e+00  0.00000e+00
 3.11030e+00  0.00000e+00
 3.11045e+00  0.00000e+00
 3.11060e+00  0.00000e+00
 3.11075e+00  0.00000e+00
 3.11090e+00  0.00000e+00
 3.11105e+00  0.00000e+00
 3.11120e+00  0.00000e+00
 3.11135e+00  0.00000e+00
 3.11150e+00  0.00000e+00
 3.11165e+00  0.00000e+00
 3.11180e+00  0.00000e+00
 3.11195e+00  0.00000e+00
 3.11210e+00  0.00000e+00
 3.11225e+00  0.00000e+00
 3.11240e+00  0.00000e+00
 3.11255e+00  0.00000e+00
 3.11270e+00  0.00000e+00
 3.11285e+00  0.00000e+00
 3.11300e+00  0.00000e+00
 3.11315e+00  0.00000e+00
 3.11330e+00  0.00000e+00
 3.11345e+00  0.00000e+00
 3.11360e+00  0.00000e+00
 3.11375e+00  0.00000e+00
 3.11390e+00  0.00000e+00
 3.11405e+00  0.00000e+00
 3.11420e+00  0.00000e+00
 3.11435e+00  0.00000e+00
 3.11450e+00  0.00000e+00
 3.11465e+00  0.00000e+00
 3.11480e+00  0.00000e+00
 3.11495e+00  0.00000e+00
 3.11510e+00  0.00000e+00
 3.11525e+00  0.00000e+00
 3.11540e+00  0.00000e+00
 3.11555e+00  0.00000e+00
 3.11570e+00  0.00000e+00
 3.11585e+00  0.00000e+00
 3.11600e+00  0.00000e+00
 3.11615e+00  0.00000e+00
 3.11630e+00  0.00000e+00
 3.11645e+00  0.00000e+00
 3.11660e+00  0.00000e+00
 3.11675e+00  0.00000e+00
 3.11690e+00  0.00000e+00
 3.11705e+00  0.00000e+00
 3.11720e+00  0.00000e+00
 3.11735e+00  0.00000e+00
 3.11750e+00  0.00000e+00
 3.11765e+00  0.00000e+00
 3.11780e+00  0.00000e+00
 3.11795e+00  0.00000e+00
 3.11810e+00  0.00000e+00
 3.11825e+00  0.00000e+00
 3.11840e+00  0.00000e+00
 3.11855e+00  0.00000e+00
 3.11870e+00  0.00000e+00
 3.11885e+00  0.00000e+00
 3.11900e+00  0.00000e+00
 3.11915e+00  0.00000e+00
 3.11930e+00  0.00000e+00
 3.11945e+00  0.00000e+00
 3.11960e+00  0.00000e+00
 3.11975e+00  0.00000e+00
 3.11990e+00  0.00000e+00
 3.12005e+00  0.00000e+00
 3.12020e+00  0.00000e+00
 3.12035e+00  0.00000e+00
 3.12050e+00  0.00000e+00
 3.12065e+00  0.00000e+00
 3.12080e+00  0.00000e+00
 3.12095e+00  0.00000e+00
 3.12110e+00  0.00000e+00
 3.12125e+00  0.00000e+00
 3.12140e+00  0.00000e+00
 3.12155e+00  0.00000e+00
 3.12170e+00  0.00000e+00
 3.12185e+00  0.00000e+00
 3.12200e+00  0.00000e+00
 3.12215e+00  0.00000e+00
 3.12230e+00  0.00000e+00
 3.12245e+00  0.00000e+00
 3.12260e+00  0.00000e+00
 3.12275e+00  0.00000e+00
 3.12290e+00  0.00000e+00
 3.12305e+00  0.00000e+00
 3.12320e+00  0.00000e+00
 3.12335e+00  0.00000e+00
 3.12350e+00  0.00000e+00
 3.12365e+00  0.00000e+00
 3.12380e+00  0.00000e+00
 3.12395e+00  0.00000e+00
 3.12410e+00  0.00000e+00
 3.12425e+00  0.00000e+00
 3.12440e+00  0.00000e+00
 3.12455e+00  0.00000e+00
 3.12470e+00  0.00000e+00
 3.12485e+00  0.00000e+00
 3.12500e+00  0.00000e+00
 3.12515e+00  0.00000e+00
 3.12530e+00  0.00000e+00
 3.12545e+00  0.00000e+00
 3.12560e+00  0.00000e+00
 3.12575e+00  0.00000e+00
 3.12590e+00  0.00000e+00
 3.12605e+00  0.00000e+00
 3.12620e+00  0.00000e+00
 3.12635e+00  0.00000e+00
 3.12650e+00  0.00000e+00
 3.12665e+00  0.00000e+00
 3.12680e+00  0.00000e+00
 3.12695e+00  0.00000e+00
 3.12710e+00  0.00000e+00
 3.12725e+00  0.00000e+00
 3.12740e+00  0.00000e+00
 3.12755e+00  0.00000e+00
 3.12770e+00  0.00000e+00
 3.12785e+00  0.00000e+00
 3.12800e+00  0.00000e+00
 3.12815e+00  0.00000e+00
 3.12830e+00  0.00000e+00
 3.12845e+00  0.00000e+00
 3.12860e+00  0.00000e+00
 3.12875e+00  0.00000e+00
 3.12890e+00  0.00000e+00
 3.12905e+00  0.00000e+00
 3.12920e+00  0.00000e+00
 3.12935e+00  0.00000e+00
 3.12950e+00  0.00000e+00
 3.12965e+00  0.00000e+00
 3.12980e+00  0.00000e+00
 3.12995e+00  0.00000e+00
 3.13010e+00  0.00000e+00
 3.13025e+00  0.00000e+00
 3.13040e+00  0.00000e+00
 3.13055e+00  0.00000e+00
 3.13070e+00  0.00000e+00
 3.13085e+00  0.00000e+00
 3.13100e+00  0.00000e+00
 3.13115e+00  0.00000e+00
 3.13130e+00  0.00000e+00
 3.13145e+00  0.00000e+00
 3.13160e+00  0.00000e+00
 3.13175e+00  0.00000e+00
 3.13190e+00  0.00000e+00
 3.13205e+00  0.00000e+00
 3.13220e+00  0.00000e+00
 3.13235e+00  0.00000e+00
 3.13250e+00  0.00000e+00
 3.13265e+00  0.00000e+00
 3.13280e+00  0.00000e+00
 3.13295e+00  0.00000e+00
 3.13310e+00  0.00000e+00
 3.13325e+00  0.00000e+00
 3.13340e+00  0.00000e+00
 3.13355e+00  0.00000e+00
 3.13370e+00  0.00000e+00
 3.13385e+00  0.00000e+00
 3.13400e+00  0.00000e+00
 3.13415e+00  0.00000e+00
 3.13430e+00  0.00000e+00
 3.13445e+00  0.00000e+00
 3.13460e+00  0.00000e+00
 3.13475e+00  0.00000e+00
 3.13490e+00  0.00000e+00
 3.13505e+00  0.00000e+00
 3.13520e+00  0.00000e+00
 3.13535e+00  0.00000e+00
 3.13550e+00  0.00000e+00
 3.13565e+00  0.00000e+00
 3.13580e+00  0.00000e+00
 3.13595e+00  0.00000e+00
 3.13610e+00  0.00000e+00
 3.13625e+00  0.00000e+00
 3.13640e+00  0.00000e+00
 3.13655e+00  0.00000e+00
 3.13670e+00  0.00000e+00
 3.13685e+00  0.00000e+00
 3.13700e+00  0.00000e+00
 3.13715e+00  0.00000e+00
 3.13730e+00  0.00000e+00
 3.13745e+00  0.00000e+00
 3.13760e+00  0.00000e+00
 3.13775e+00  0.00000e+00
 3.13790e+00  0.00000e+00
 3.13805e+00  0.00000e+00
 3.13820e+00  0.00000e+00
 3.13835e+00  0.00000e+00
 3.13850e+00  0.00000e+00
 3.13865e+00  0.00000e+00
 3.13880e+00  0.00000e+00
 3.13895e+00  0.00000e+00
 3.13910e+00  0.00000e+00
 3.13925e+00  0.00000e+00
 3.13940e+00  0.00000e+00
 3.13955e+00  0.00000e+00
 3.13970e+00  0.00000e+00
 3.13985e+00  0.00000e+00
 3.14000e+00  0.00000e+00
 3.14015e+00  0.00000e+00
 3.14030e+00  0.00000e+00
 3.14045e+00  0.00000e+00
 3.14060e+00  0.00000e+00
 3.14075e+00  0.00000e+00
 3.14090e+00  0.00000e+00
 3.14105e+00  0.00000e+00
 3.14120e+00  0.00000e+00
 3.14135e+00  0.00000e+00
 3.14150e+00  0.00000e+00
 3.14165e+00  0.00000e+00
 3.14180e+00  0.00000e+00
 3.14195e+00  0.00000e+00
 3.14210e+00  0.00000e+00
 3.14225e+00  0.00000e+00
 3.14240e+00  0.00000e+00
 3.14255e+00  0.00000e+00
 3.14270e+00  0.00000e+00
 3.14285e+00  0.00000e+00
 3.14300e+00  0.00000e+00
 3.14315e+00  0.00000e+00
 3.14330e+00  0.00000e+00
 3.14345e+00  0.00000e+00
 3.14360e+00  0.00000e+00
 3.14375e+00  0.00000e+00
 3.14390e+00  0.00000e+00
 3.14405e+00  0.00000e+00
 3.14420e+00  0.00000e+00
 3.14435e+00  0.00000e+00
 3.14450e+00  0.00000e+00
 3.14465e+00  0.00000e+00
 3.14480e+00  0.00000e+00
 3.14495e+00  0.00000e+00
 3.14510e+00  0.00000e+00
 3.14525e+00  0.00000e+00
 3.14540e+00  0.00000e+00
 3.14555e+00  0.00000e+00
 3.14570e+00  0.00000e+00
 3.14585e+00  0.00000e+00
 3.14600e+00  0.00000e+00
 3.14615e+00  0.00000e+00
 3.14630e+00  0.00000e+00
 3.14645e+00  0.00000e+00
 3.14660e+00  0.00000e+00
 3.14675e+00  0.00000e+00
 3.14690e+00  0.00000e+00
 3.14705e+00  0.00000e+00
 3.14720e+00  0.00000e+00
 3.14735e+00  0.00000e+00
 3.14750e+00  0.00000e+00
 3.14765e+00  0.00000e+00
 3.14780e+00  0.00000e+00
 3.14795e+00  0.00000e+00
 3.14810e+00  0.00000e+00
 3.14825e+00  0.00000e+00
 3.14840e+00  0.00000e+00
 3.14855e+00  0.00000e+00
 3.14870e+00  0.00000e+00
 3.14885e+00  0.00000e+00
 3.14900e+00  0.00000e+00
 3.14915e+00  0.00000e+00
 3.14930e+00  0.00000e+00
 3.14945e+00  0.00000e+00
 3.14960e+00  0.00000e+00
 3.14975e+00  0.00000e+00
 3.14990e+00  0.00000e+00
 3.15005e+00  0.00000e+00
 3.15020e+00  0.00000e+00
 3.15035e+00  0.00000e+00
 3.15050e+00  0.00000e+00
 3.15065e+00  0.00000e+00
 3.15080e+00  0.00000e+00
 3.15095e+00  0.00000e+00
 3.15110e+00  0.00000e+00
 3.15125e+00  0.00000e+00
 3.15140e+00  0.00000e+00
 3.15155e+00  0.00000e+00
 3.15170e+00  0.00000e+00
 3.15185e+00  0.00000e+00
 3.15200e+00  0.00000e+00
 3.15215e+00  0.00000e+00
 3.15230e+00  0.00000e+00
 3.15245e+00  0.00000e+00
 3.15260e+00  0.00000e+00
 3.15275e+00  0.00000e+00
 3.15290e+00  0.00000e+00
 3.15305e+00  0.00000e+00
 3.15320e+00  0.00000e+00
 3.15335e+00  0.00000e+00
 3.15350e+00  0.00000e+00
 3.15365e+00  0.00000e+00
 3.15380e+00  0.00000e+00
 3.15395e+00  0.00000e+00
 3.15410e+00  0.00000e+00
 3.15425e+00  0.00000e+00
 3.15440e+00  0.00000e+00
 3.15455e+00  0.00000e+00
 3.15470e+00  0.00000e+00
 3.15485e+00  0.00000e+00
 3.15500e+00  0.00000e+00
 3.15515e+00  0.00000e+00
 3.15530e+00  0.00000e+00
 3.15545e+00  0.00000e+00
 3.15560e+00  0.00000e+00
 3.15575e+00  0.00000e+00
 3.15590e+00  0.00000e+00
 3.15605e+00  0.00000e+00
 3.15620e+00  0.00000e+00
 3.15635e+00  0.00000e+00
 3.15650e+00  0.00000e+00
 3.15665e+00  0.00000e+00
 3.15680e+00  0.00000e+00
 3.15695e+00  0.00000e+00
 3.15710e+00  0.00000e+00
 3.15725e+00  0.00000e+00
 3.15740e+00  0.00000e+00
 3.15755e+00  0.00000e+00
 3.15770e+00  0.00000e+00
 3.15785e+00  0.00000e+00
 3.15800e+00  0.00000e+00
 3.15815e+00  0.00000e+00
 3.15830e+00  0.00000e+00
 3.15845e+00  0.00000e+00
 3.15860e+00  0.00000e+00
 3.15875e+00  0.00000e+00
 3.15890e+00  0.00000e+00
 3.15905e+00  0.00000e+00
 3.15920e+00  0.00000e+00
 3.15935e+00  0.00000e+00
 3.15950e+00  0.00000e+00
 3.15965e+00  0.00000e+00
 3.15980e+00  0.00000e+00
 3.15995e+00  0.00000e+00
 3.16010e+00  0.00000e+00
 3.16025e+00  0.00000e+00
 3.16040e+00  0.00000e+00
 3.16055e+00  0.00000e+00
 3.16070e+00  0.00000e+00
 3.16085e+00  0.00000e+00
 3.16100e+00  0.00000e+00
 3.16115e+00  0.00000e+00
 3.16130e+00  0.00000e+00
 3.16145e+00  0.00000e+00
 3.16160e+00  0.00000e+00
 3.16175e+00  0.00000e+00
 3.16190e+00  0.00000e+00
 3.16205e+00  0.00000e+00
 3.16220e+00  0.00000e+00
 3.16235e+00  0.00000e+00
 3.16250e+00  0.00000e+00
 3.16265e+00  0.00000e+00
 3.16280e+00  0.00000e+00
 3.16295e+00  0.00000e+00
 3.16310e+00  0.00000e+00
 3.16325e+00  0.00000e+00
 3.16340e+00  0.00000e+00
 3.16355e+00  0.00000e+00
 3.16370e+00  0.00000e+00
 3.16385e+00  0.00000e+00
 3.16400e+00  0.00000e+00
 3.16415e+00  0.00000e+00
 3.16430e+00  0.00000e+00
 3.16445e+00  0.00000e+00
 3.16460e+00  0.00000e+00
 3.16475e+00  0.00000e+00
 3.16490e+00  0.00000e+00
 3.16505e+00  0.00000e+00
 3.16520e+00  0.00000e+00
 3.16535e+00  0.00000e+00
 3.16550e+00  0.00000e+00
 3.16565e+00  0.00000e+00
 3.16580e+00  0.00000e+00
 3.16595e+00  0.00000e+00
 3.16610e+00  0.00000e+00
 3.16625e+00  0.00000e+00
 3.16640e+00  0.00000e+00
 3.16655e+00  0.00000e+00
 3.16670e+00  0.00000e+00
 3.16685e+00  0.00000e+00
 3.16700e+00  0.00000e+00
 3.16715e+00  0.00000e+00
 3.16730e+00  0.00000e+00
 3.16745e+00  0.00000e+00
 3.16760e+00  0.00000e+00
 3.16775e+00  0.00000e+00
 3.16790e+00  0.00000e+00
 3.16805e+00  0.00000e+00
 3.16820e+00  0.00000e+00
 3.16835e+00  0.00000e+00
 3.16850e+00  0.00000e+00
 3.16865e+00  0.00000e+00
 3.16880e+00  0.00000e+00
 3.16895e+00  0.00000e+00
 3.16910e+00  0.00000e+00
 3.16925e+00  0.00000e+00
 3.16940e+00  0.00000e+00
 3.16955e+00  0.00000e+00
 3.16970e+00  0.00000e+00
 3.16985e+00  0.00000e+00
 3.17000e+00  0.00000e+00
 3.17015e+00  0.00000e+00
 3.17030e+00  0.00000e+00
 3.17045e+00  0.00000e+00
 3.17060e+00  0.00000e+00
 3.17075e+00  0.00000e+00
 3.17090e+00  0.00000e+00
 3.17105e+00  0.00000e+00
 3.17120e+00  0.00000e+00
 3.17135e+00  0.00000e+00
 3.17150e+00  0.00000e+00
 3.17165e+00  0.00000e+00
 3.17180e+00  0.00000e+00
 3.17195e+00  0.00000e+00
 3.17210e+00  0.00000e+00
 3.17225e+00  0.00000e+00
 3.17240e+00  0.00000e+00
 3.17255e+00  0.00000e+00
 3.17270e+00  0.00000e+00
 3.17285e+00  0.00000e+00
 3.17300e+00  0.00000e+00
 3.17315e+00  0.00000e+00
 3.17330e+00  0.00000e+00
 3.17345e+00  0.00000e+00
 3.17360e+00  0.00000e+00
 3.17375e+00  0.00000e+00
 3.17390e+00  0.00000e+00
 3.17405e+00  0.00000e+00
 3.17420e+00  0.00000e+00
 3.17435e+00  0.00000e+00
 3.17450e+00  0.00000e+00
 3.17465e+00  0.00000e+00
 3.17480e+00  0.00000e+00
 3.17495e+00  0.00000e+00
 3.17510e+00  0.00000e+00
 3.17525e+00  0.00000e+00
 3.17540e+00  0.00000e+00
 3.17555e+00  0.00000e+00
 3.17570e+00  0.00000e+00
 3.17585e+00  0.00000e+00
 3.17600e+00  0.00000e+00
 3.17615e+00  0.00000e+00
 3.17630e+00  0.00000e+00
 3.17645e+00  0.00000e+00
 3.17660e+00  0.00000e+00
 3.17675e+00  0.00000e+00
 3.17690e+00  0.00000e+00
 3.17705e+00  0.00000e+00
 3.17720e+00  0.00000e+00
 3.17735e+00  0.00000e+00
 3.17750e+00  0.00000e+00
 3.17765e+00  0.00000e+00
 3.17780e+00  0.00000e+00
 3.17795e+00  0.00000e+00
 3.17810e+00  0.00000e+00
 3.17825e+00  0.00000e+00
 3.17840e+00  0.00000e+00
 3.17855e+00  0.00000e+00
 3.17870e+00  0.00000e+00
 3.17885e+00  0.00000e+00
 3.17900e+00  0.00000e+00
 3.17915e+00  0.00000e+00
 3.17930e+00  0.00000e+00
 3.17945e+00  0.00000e+00
 3.17960e+00  0.00000e+00
 3.17975e+00  0.00000e+00
 3.17990e+00  0.00000e+00
 3.18005e+00  0.00000e+00
 3.18020e+00  0.00000e+00
 3.18035e+00  0.00000e+00
 3.18050e+00  0.00000e+00
 3.18065e+00  0.00000e+00
 3.18080e+00  0.00000e+00
 3.18095e+00  0.00000e+00
 3.18110e+00  0.00000e+00
 3.18125e+00  0.00000e+00
 3.18140e+00  0.00000e+00
 3.18155e+00  0.00000e+00
 3.18170e+00  0.00000e+00
 3.18185e+00  0.00000e+00
 3.18200e+00  0.00000e+00
 3.18215e+00  0.00000e+00
 3.18230e+00  0.00000e+00
 3.18245e+00  0.00000e+00
 3.18260e+00  0.00000e+00
 3.18275e+00  0.00000e+00
 3.18290e+00  0.00000e+00
 3.18305e+00  0.00000e+00
 3.18320e+00  0.00000e+00
 3.18335e+00  0.00000e+00
 3.18350e+00  0.00000e+00
 3.18365e+00  0.00000e+00
 3.18380e+00  0.00000e+00
 3.18395e+00  0.00000e+00
 3.18410e+00  0.00000e+00
 3.18425e+00  0.00000e+00
 3.18440e+00  0.00000e+00
 3.18455e+00  0.00000e+00
 3.18470e+00  0.00000e+00
 3.18485e+00  0.00000e+00
 3.18500e+00  0.00000e+00
 3.18515e+00  0.00000e+00
 3.18530e+00  0.00000e+00
 3.18545e+00  0.00000e+00
 3.18560e+00  0.00000e+00
 3.18575e+00  0.00000e+00
 3.18590e+00  0.00000e+00
 3.18605e+00  0.00000e+00
 3.18620e+00  0.00000e+00
 3.18635e+00  0.00000e+00
 3.18650e+00  0.00000e+00
 3.18665e+00  0.00000e+00
 3.18680e+00  0.00000e+00
 3.18695e+00  0.00000e+00
 3.18710e+00  0.00000e+00
 3.18725e+00  0.00000e+00
 3.18740e+00  0.00000e+00
 3.18755e+00  0.00000e+00
 3.18770e+00  0.00000e+00
 3.18785e+00  0.00000e+00
 3.18800e+00  0.00000e+00
 3.18815e+00  0.00000e+00
 3.18830e+00  0.00000e+00
 3.18845e+00  0.00000e+00
 3.18860e+00  0.00000e+00
 3.18875e+00  0.00000e+00
 3.18890e+00  0.00000e+00
 3.18905e+00  0.00000e+00
 3.18920e+00  0.00000e+00
 3.18935e+00  0.00000e+00
 3.18950e+00  0.00000e+00
 3.18965e+00  0.00000e+00
 3.18980e+00  0.00000e+00
 3.18995e+00  0.00000e+00
 3.19010e+00  0.00000e+00
 3.19025e+00  0.00000e+00
 3.19040e+00  0.00000e+00
 3.19055e+00  0.00000e+00
 3.19070e+00  0.00000e+00
 3.19085e+00  0.00000e+00
 3.19100e+00  0.00000e+00
 3.19115e+00  0.00000e+00
 3.19130e+00  0.00000e+00
 3.19145e+00  0.00000e+00
 3.19160e+00  0.00000e+00
 3.19175e+00  0.00000e+00
 3.19190e+00  0.00000e+00
 3.19205e+00  0.00000e+00
 3.19220e+00  0.00000e+00
 3.19235e+00  0.00000e+00
 3.19250e+00  0.00000e+00
 3.19265e+00  0.00000e+00
 3.19280e+00  0.00000e+00
 3.19295e+00  0.00000e+00
 3.19310e+00  0.00000e+00
 3.19325e+00  0.00000e+00
 3.19340e+00  0.00000e+00
 3.19355e+00  0.00000e+00
 3.19370e+00  0.00000e+00
 3.19385e+00  0.00000e+00
 3.19400e+00  0.00000e+00
 3.19415e+00  0.00000e+00
 3.19430e+00  0.00000e+00
 3.19445e+00  0.00000e+00
 3.19460e+00  0.00000e+00
 3.19475e+00  0.00000e+00
 3.19490e+00  0.00000e+00
 3.19505e+00  0.00000e+00
 3.19520e+00  0.00000e+00
 3.19535e+00  0.00000e+00
 3.19550e+00  0.00000e+00
 3.19565e+00  0.00000e+00
 3.19580e+00  0.00000e+00
 3.19595e+00  0.00000e+00
 3.19610e+00  0.00000e+00
 3.19625e+00  0.00000e+00
 3.19640e+00  0.00000e+00
 3.19655e+00  0.00000e+00
 3.19670e+00  0.00000e+00
 3.19685e+00  0.00000e+00
 3.19700e+00  0.00000e+00
 3.19715e+00  0.00000e+00
 3.19730e+00  0.00000e+00
 3.19745e+00  0.00000e+00
 3.19760e+00  0.00000e+00
 3.19775e+00  0.00000e+00
 3.19790e+00  0.00000e+00
 3.19805e+00  0.00000e+00
 3.19820e+00  0.00000e+00
 3.19835e+00  0.00000e+00
 3.19850e+00  0.00000e+00
 3.19865e+00  0.00000e+00
 3.19880e+00  0.00000e+00
 3.19895e+00  0.00000e+00
 3.19910e+00  0.00000e+00
 3.19925e+00  0.00000e+00
 3.19940e+00  0.00000e+00
 3.19955e+00  0.00000e+00
 3.19970e+00  0.00000e+00
 3.19985e+00  0.00000e+00
 3.20000e+00  0.00000e+00
 3.20015e+00  0.00000e+00
 3.20030e+00  0.00000e+00
 3.20045e+00  0.00000e+00
 3.20060e+00  0.00000e+00
 3.20075e+00  0.00000e+00
 3.20090e+00  0.00000e+00
 3.20105e+00  0.00000e+00
 3.20120e+00  0.00000e+00
 3.20135e+00  0.00000e+00
 3.20150e+00  0.00000e+00
 3.20165e+00  0.00000e+00
 3.20180e+00  0.00000e+00
 3.20195e+00  0.00000e+00
 3.20210e+00  0.00000e+00
 3.20225e+00  0.00000e+00
 3.20240e+00  0.00000e+00
 3.20255e+00  0.00000e+00
 3.20270e+00  0.00000e+00
 3.20285e+00  0.00000e+00
 3.20300e+00  0.00000e+00
 3.20315e+00  0.00000e+00
 3.20330e+00  0.00000e+00
 3.20345e+00  0.00000e+00
 3.20360e+00  0.00000e+00
 3.20375e+00  0.00000e+00
 3.20390e+00  0.00000e+00
 3.20405e+00  0.00000e+00
 3.20420e+00  0.00000e+00
 3.20435e+00  0.00000e+00
 3.20450e+00  0.00000e+00
 3.20465e+00  0.00000e+00
 3.20480e+00  0.00000e+00
 3.20495e+00  0.00000e+00
 3.20510e+00  0.00000e+00
 3.20525e+00  0.00000e+00
 3.20540e+00  0.00000e+00
 3.20555e+00  0.00000e+00
 3.20570e+00  0.00000e+00
 3.20585e+00  0.00000e+00
 3.20600e+00  0.00000e+00
 3.20615e+00  0.00000e+00
 3.20630e+00  0.00000e+00
 3.20645e+00  0.00000e+00
 3.20660e+00  0.00000e+00
 3.20675e+00  0.00000e+00
 3.20690e+00  0.00000e+00
 3.20705e+00  0.00000e+00
 3.20720e+00  0.00000e+00
 3.20735e+00  0.00000e+00
 3.20750e+00  0.00000e+00
 3.20765e+00  0.00000e+00
 3.20780e+00  0.00000e+00
 3.20795e+00  0.00000e+00
 3.20810e+00  0.00000e+00
 3.20825e+00  0.00000e+00
 3.20840e+00  0.00000e+00
 3.20855e+00  0.00000e+00
 3.20870e+00  0.00000e+00
 3.20885e+00  0.00000e+00
 3.20900e+00  0.00000e+00
 3.20915e+00  0.00000e+00
 3.20930e+00  0.00000e+00
 3.20945e+00  0.00000e+00
 3.20960e+00  0.00000e+00
 3.20975e+00  0.00000e+00
 3.20990e+00  0.00000e+00
 3.21005e+00  0.00000e+00
 3.21020e+00  0.00000e+00
 3.21035e+00  0.00000e+00
 3.21050e+00  0.00000e+00
 3.21065e+00  0.00000e+00
 3.21080e+00  0.00000e+00
 3.21095e+00  0.00000e+00
 3.21110e+00  0.00000e+00
 3.21125e+00  0.00000e+00
 3.21140e+00  0.00000e+00
 3.21155e+00  0.00000e+00
 3.21170e+00  0.00000e+00
 3.21185e+00  0.00000e+00
 3.21200e+00  0.00000e+00
 3.21215e+00  0.00000e+00
 3.21230e+00  0.00000e+00
 3.21245e+00  0.00000e+00
 3.21260e+00  0.00000e+00
 3.21275e+00  0.00000e+00
 3.21290e+00  0.00000e+00
 3.21305e+00  0.00000e+00
 3.21320e+00  0.00000e+00
 3.21335e+00  0.00000e+00
 3.21350e+00  0.00000e+00
 3.21365e+00  0.00000e+00
 3.21380e+00  0.00000e+00
 3.21395e+00  0.00000e+00
 3.21410e+00  0.00000e+00
 3.21425e+00  0.00000e+00
 3.21440e+00  0.00000e+00
 3.21455e+00  0.00000e+00
 3.21470e+00  0.00000e+00
 3.21485e+00  0.00000e+00
 3.21500e+00  0.00000e+00
 3.21515e+00  0.00000e+00
 3.21530e+00  0.00000e+00
 3.21545e+00  0.00000e+00
 3.21560e+00  0.00000e+00
 3.21575e+00  0.00000e+00
 3.21590e+00  0.00000e+00
 3.21605e+00  0.00000e+00
 3.21620e+00  0.00000e+00
 3.21635e+00  0.00000e+00
 3.21650e+00  0.00000e+00
 3.21665e+00  0.00000e+00
 3.21680e+00  0.00000e+00
 3.21695e+00  0.00000e+00
 3.21710e+00  0.00000e+00
 3.21725e+00  0.00000e+00
 3.21740e+00  0.00000e+00
 3.21755e+00  0.00000e+00
 3.21770e+00  0.00000e+00
 3.21785e+00  0.00000e+00
 3.21800e+00  0.00000e+00
 3.21815e+00  0.00000e+00
 3.21830e+00  0.00000e+00
 3.21845e+00  0.00000e+00
 3.21860e+00  0.00000e+00
 3.21875e+00  0.00000e+00
 3.21890e+00  0.00000e+00
 3.21905e+00  0.00000e+00
 3.21920e+00  0.00000e+00
 3.21935e+00  0.00000e+00
 3.21950e+00  0.00000e+00
 3.21965e+00  0.00000e+00
 3.21980e+00  0.00000e+00
 3.21995e+00  0.00000e+00
 3.22010e+00  0.00000e+00
 3.22025e+00  0.00000e+00
 3.22040e+00  0.00000e+00
 3.22055e+00  0.00000e+00
 3.22070e+00  0.00000e+00
 3.22085e+00  0.00000e+00
 3.22100e+00  0.00000e+00
 3.22115e+00  0.00000e+00
 3.22130e+00  0.00000e+00
 3.22145e+00  0.00000e+00
 3.22160e+00  0.00000e+00
 3.22175e+00  0.00000e+00
 3.22190e+00  0.00000e+00
 3.22205e+00  0.00000e+00
 3.22220e+00  0.00000e+00
 3.22235e+00  0.00000e+00
 3.22250e+00  0.00000e+00
 3.22265e+00  0.00000e+00
 3.22280e+00  0.00000e+00
 3.22295e+00  0.00000e+00
 3.22310e+00  0.00000e+00
 3.22325e+00  0.00000e+00
 3.22340e+00  0.00000e+00
 3.22355e+00  0.00000e+00
 3.22370e+00  0.00000e+00
 3.22385e+00  0.00000e+00
 3.22400e+00  0.00000e+00
 3.22415e+00  0.00000e+00
 3.22430e+00  0.00000e+00
 3.22445e+00  0.00000e+00
 3.22460e+00  0.00000e+00
 3.22475e+00  0.00000e+00
 3.22490e+00  0.00000e+00
 3.22505e+00  0.00000e+00
 3.22520e+00  0.00000e+00
 3.22535e+00  0.00000e+00
 3.22550e+00  0.00000e+00
 3.22565e+00  0.00000e+00
 3.22580e+00  0.00000e+00
 3.22595e+00  0.00000e+00
 3.22610e+00  0.00000e+00
 3.22625e+00  0.00000e+00
 3.22640e+00  0.00000e+00
 3.22655e+00  0.00000e+00
 3.22670e+00  0.00000e+00
 3.22685e+00  0.00000e+00
 3.22700e+00  0.00000e+00
 3.22715e+00  0.00000e+00
 3.22730e+00  0.00000e+00
 3.22745e+00  0.00000e+00
 3.22760e+00  0.00000e+00
 3.22775e+00  0.00000e+00
 3.22790e+00  0.00000e+00
 3.22805e+00  0.00000e+00
 3.22820e+00  0.00000e+00
 3.22835e+00  0.00000e+00
 3.22850e+00  0.00000e+00
 3.22865e+00  0.00000e+00
 3.22880e+00  0.00000e+00
 3.22895e+00  0.00000e+00
 3.22910e+00  0.00000e+00
 3.22925e+00  0.00000e+00
 3.22940e+00  0.00000e+00
 3.22955e+00  0.00000e+00
 3.22970e+00  0.00000e+00
 3.22985e+00  0.00000e+00
 3.23000e+00  0.00000e+00
 3.23015e+00  0.00000e+00
 3.23030e+00  0.00000e+00
 3.23045e+00  0.00000e+00
 3.23060e+00  0.00000e+00
 3.23075e+00  0.00000e+00
 3.23090e+00  0.00000e+00
 3.23105e+00  0.00000e+00
 3.23120e+00  0.00000e+00
 3.23135e+00  0.00000e+00
 3.23150e+00  0.00000e+00
 3.23165e+00  0.00000e+00
 3.23180e+00  0.00000e+00
 3.23195e+00  0.00000e+00
 3.23210e+00  0.00000e+00
 3.23225e+00  0.00000e+00
 3.23240e+00  0.00000e+00
 3.23255e+00  0.00000e+00
 3.23270e+00  0.00000e+00
 3.23285e+00  0.00000e+00
 3.23300e+00  0.00000e+00
 3.23315e+00  0.00000e+00
 3.23330e+00  0.00000e+00
 3.23345e+00  0.00000e+00
 3.23360e+00  0.00000e+00
 3.23375e+00  0.00000e+00
 3.23390e+00  0.00000e+00
 3.23405e+00  0.00000e+00
 3.23420e+00  0.00000e+00
 3.23435e+00  0.00000e+00
 3.23450e+00  0.00000e+00
 3.23465e+00  0.00000e+00
 3.23480e+00  0.00000e+00
 3.23495e+00  0.00000e+00
 3.23510e+00  0.00000e+00
 3.23525e+00  0.00000e+00
 3.23540e+00  0.00000e+00
 3.23555e+00  0.00000e+00
 3.23570e+00  0.00000e+00
 3.23585e+00  0.00000e+00
 3.23600e+00  0.00000e+00
 3.23615e+00  0.00000e+00
 3.23630e+00  0.00000e+00
 3.23645e+00  0.00000e+00
 3.23660e+00  0.00000e+00
 3.23675e+00  0.00000e+00
 3.23690e+00  0.00000e+00
 3.23705e+00  0.00000e+00
 3.23720e+00  0.00000e+00
 3.23735e+00  0.00000e+00
 3.23750e+00  0.00000e+00
 3.23765e+00  0.00000e+00
 3.23780e+00  0.00000e+00
 3.23795e+00  0.00000e+00
 3.23810e+00  0.00000e+00
 3.23825e+00  0.00000e+00
 3.23840e+00  0.00000e+00
 3.23855e+00  0.00000e+00
 3.23870e+00  0.00000e+00
 3.23885e+00  0.00000e+00
 3.23900e+00  0.00000e+00
 3.23915e+00  0.00000e+00
 3.23930e+00  0.00000e+00
 3.23945e+00  0.00000e+00
 3.23960e+00  0.00000e+00
 3.23975e+00  0.00000e+00
 3.23990e+00  0.00000e+00
 3.24005e+00  0.00000e+00
 3.24020e+00  0.00000e+00
 3.24035e+00  0.00000e+00
 3.24050e+00  0.00000e+00
 3.24065e+00  0.00000e+00
 3.24080e+00  0.00000e+00
 3.24095e+00  0.00000e+00
 3.24110e+00  0.00000e+00
 3.24125e+00  0.00000e+00
 3.24140e+00  0.00000e+00
 3.24155e+00  0.00000e+00
 3.24170e+00  0.00000e+00
 3.24185e+00  0.00000e+00
 3.24200e+00  0.00000e+00
 3.24215e+00  0.00000e+00
 3.24230e+00  0.00000e+00
 3.24245e+00  0.00000e+00
 3.24260e+00  0.00000e+00
 3.24275e+00  0.00000e+00
 3.24290e+00  0.00000e+00
 3.24305e+00  0.00000e+00
 3.24320e+00  0.00000e+00
 3.24335e+00  0.00000e+00
 3.24350e+00  0.00000e+00
 3.24365e+00  0.00000e+00
 3.24380e+00  0.00000e+00
 3.24395e+00  0.00000e+00
 3.24410e+00  0.00000e+00
 3.24425e+00  0.00000e+00
 3.24440e+00  0.00000e+00
 3.24455e+00  0.00000e+00
 3.24470e+00  0.00000e+00
 3.24485e+00  0.00000e+00
 3.24500e+00  0.00000e+00
 3.24515e+00  0.00000e+00
 3.24530e+00  0.00000e+00
 3.24545e+00  0.00000e+00
 3.24560e+00  0.00000e+00
 3.24575e+00  0.00000e+00
 3.24590e+00  0.00000e+00
 3.24605e+00  0.00000e+00
 3.24620e+00  0.00000e+00
 3.24635e+00  0.00000e+00
 3.24650e+00  0.00000e+00
 3.24665e+00  0.00000e+00
 3.24680e+00  0.00000e+00
 3.24695e+00  0.00000e+00
 3.24710e+00  0.00000e+00
 3.24725e+00  0.00000e+00
 3.24740e+00  0.00000e+00
 3.24755e+00  0.00000e+00
 3.24770e+00  0.00000e+00
 3.24785e+00  0.00000e+00
 3.24800e+00  0.00000e+00
 3.24815e+00  0.00000e+00
 3.24830e+00  0.00000e+00
 3.24845e+00  0.00000e+00
 3.24860e+00  0.00000e+00
 3.24875e+00  0.00000e+00
 3.24890e+00  0.00000e+00
 3.24905e+00  0.00000e+00
 3.24920e+00  0.00000e+00
 3.24935e+00  0.00000e+00
 3.24950e+00  0.00000e+00
 3.24965e+00  0.00000e+00
 3.24980e+00  0.00000e+00
 3.24995e+00  0.00000e+00
 3.25010e+00  0.00000e+00
 3.25025e+00  0.00000e+00
 3.25040e+00  0.00000e+00
 3.25055e+00  0.00000e+00
 3.25070e+00  0.00000e+00
 3.25085e+00  0.00000e+00
 3.25100e+00  0.00000e+00
 3.25115e+00  0.00000e+00
 3.25130e+00  0.00000e+00
 3.25145e+00  0.00000e+00
 3.25160e+00  0.00000e+00
 3.25175e+00  0.00000e+00
 3.25190e+00  0.00000e+00
 3.25205e+00  0.00000e+00
 3.25220e+00  0.00000e+00
 3.25235e+00  0.00000e+00
 3.25250e+00  0.00000e+00
 3.25265e+00  0.00000e+00
 3.25280e+00  0.00000e+00
 3.25295e+00  0.00000e+00
 3.25310e+00  0.00000e+00
 3.25325e+00  0.00000e+00
 3.25340e+00  0.00000e+00
 3.25355e+00  0.00000e+00
 3.25370e+00  0.00000e+00
 3.25385e+00  0.00000e+00
 3.25400e+00  0.00000e+00
 3.25415e+00  0.00000e+00
 3.25430e+00  0.00000e+00
 3.25445e+00  0.00000e+00
 3.25460e+00  0.00000e+00
 3.25475e+00  0.00000e+00
 3.25490e+00  0.00000e+00
 3.25505e+00  0.00000e+00
 3.25520e+00  0.00000e+00
 3.25535e+00  0.00000e+00
 3.25550e+00  0.00000e+00
 3.25565e+00  0.00000e+00
 3.25580e+00  0.00000e+00
 3.25595e+00  0.00000e+00
 3.25610e+00  0.00000e+00
 3.25625e+00  0.00000e+00
 3.25640e+00  0.00000e+00
 3.25655e+00  0.00000e+00
 3.25670e+00  0.00000e+00
 3.25685e+00  0.00000e+00
 3.25700e+00  0.00000e+00
 3.25715e+00  0.00000e+00
 3.25730e+00  0.00000e+00
 3.25745e+00  0.00000e+00
 3.25760e+00  0.00000e+00
 3.25775e+00  0.00000e+00
 3.25790e+00  0.00000e+00
 3.25805e+00  0.00000e+00
 3.25820e+00  0.00000e+00
 3.25835e+00  0.00000e+00
 3.25850e+00  0.00000e+00
 3.25865e+00  0.00000e+00
 3.25880e+00  0.00000e+00
 3.25895e+00  0.00000e+00
 3.25910e+00  0.00000e+00
 3.25925e+00  0.00000e+00
 3.25940e+00  0.00000e+00
 3.25955e+00  0.00000e+00
 3.25970e+00  0.00000e+00
 3.25985e+00  0.00000e+00
 3.26000e+00  0.00000e+00
 3.26015e+00  0.00000e+00
 3.26030e+00  0.00000e+00
 3.26045e+00  0.00000e+00
 3.26060e+00  0.00000e+00
 3.26075e+00  0.00000e+00
 3.26090e+00  0.00000e+00
 3.26105e+00  0.00000e+00
 3.26120e+00  0.00000e+00
 3.26135e+00  0.00000e+00
 3.26150e+00  0.00000e+00
 3.26165e+00  0.00000e+00
 3.26180e+00  0.00000e+00
 3.26195e+00  0.00000e+00
 3.26210e+00  0.00000e+00
 3.26225e+00  0.00000e+00
 3.26240e+00  0.00000e+00
 3.26255e+00  0.00000e+00
 3.26270e+00  0.00000e+00
 3.26285e+00  0.00000e+00
 3.26300e+00  0.00000e+00
 3.26315e+00  0.00000e+00
 3.26330e+00  0.00000e+00
 3.26345e+00  0.00000e+00
 3.26360e+00  0.00000e+00
 3.26375e+00  0.00000e+00
 3.26390e+00  0.00000e+00
 3.26405e+00  0.00000e+00
 3.26420e+00  0.00000e+00
 3.26435e+00  0.00000e+00
 3.26450e+00  0.00000e+00
 3.26465e+00  0.00000e+00
 3.26480e+00  0.00000e+00
 3.26495e+00  0.00000e+00
 3.26510e+00  0.00000e+00
 3.26525e+00  0.00000e+00
 3.26540e+00  0.00000e+00
 3.26555e+00  0.00000e+00
 3.26570e+00  0.00000e+00
 3.26585e+00  0.00000e+00
 3.26600e+00  0.00000e+00
 3.26615e+00  0.00000e+00
 3.26630e+00  0.00000e+00
 3.26645e+00  0.00000e+00
 3.26660e+00  0.00000e+00
 3.26675e+00  0.00000e+00
 3.26690e+00  0.00000e+00
 3.26705e+00  0.00000e+00
 3.26720e+00  0.00000e+00
 3.26735e+00  0.00000e+00
 3.26750e+00  0.00000e+00
 3.26765e+00  0.00000e+00
 3.26780e+00  0.00000e+00
 3.26795e+00  0.00000e+00
 3.26810e+00  0.00000e+00
 3.26825e+00  0.00000e+00
 3.26840e+00  0.00000e+00
 3.26855e+00  0.00000e+00
 3.26870e+00  0.00000e+00
 3.26885e+00  0.00000e+00
 3.26900e+00  0.00000e+00
 3.26915e+00  0.00000e+00
 3.26930e+00  0.00000e+00
 3.26945e+00  0.00000e+00
 3.26960e+00  0.00000e+00
 3.26975e+00  0.00000e+00
 3.26990e+00  0.00000e+00
 3.27005e+00  0.00000e+00
 3.27020e+00  0.00000e+00
 3.27035e+00  0.00000e+00
 3.27050e+00  0.00000e+00
 3.27065e+00  0.00000e+00
 3.27080e+00  0.00000e+00
 3.27095e+00  0.00000e+00
 3.27110e+00  0.00000e+00
 3.27125e+00  0.00000e+00
 3.27140e+00  0.00000e+00
 3.27155e+00  0.00000e+00
 3.27170e+00  0.00000e+00
 3.27185e+00  0.00000e+00
 3.27200e+00  0.00000e+00
 3.27215e+00  0.00000e+00
 3.27230e+00  0.00000e+00
 3.27245e+00  0.00000e+00
 3.27260e+00  0.00000e+00
 3.27275e+00  0.00000e+00
 3.27290e+00  0.00000e+00
 3.27305e+00  0.00000e+00
 3.27320e+00  0.00000e+00
 3.27335e+00  0.00000e+00
 3.27350e+00  0.00000e+00
 3.27365e+00  0.00000e+00
 3.27380e+00  0.00000e+00
 3.27395e+00  0.00000e+00
 3.27410e+00  0.00000e+00
 3.27425e+00  0.00000e+00
 3.27440e+00  0.00000e+00
 3.27455e+00  0.00000e+00
 3.27470e+00  0.00000e+00
 3.27485e+00  0.00000e+00
 3.27500e+00  0.00000e+00
 3.27515e+00  0.00000e+00
 3.27530e+00  0.00000e+00
 3.27545e+00  0.00000e+00
 3.27560e+00  0.00000e+00
 3.27575e+00  0.00000e+00
 3.27590e+00  0.00000e+00
 3.27605e+00  0.00000e+00
 3.27620e+00  0.00000e+00
 3.27635e+00  0.00000e+00
 3.27650e+00  0.00000e+00
 3.27665e+00  0.00000e+00
 3.27680e+00  0.00000e+00
 3.27695e+00  0.00000e+00
 3.27710e+00  0.00000e+00
 3.27725e+00  0.00000e+00
 3.27740e+00  0.00000e+00
 3.27755e+00  0.00000e+00
 3.27770e+00  0.00000e+00
 3.27785e+00  0.00000e+00
 3.27800e+00  0.00000e+00
 3.27815e+00  0.00000e+00
 3.27830e+00  0.00000e+00
 3.27845e+00  0.00000e+00
 3.27860e+00  0.00000e+00
 3.27875e+00  0.00000e+00
 3.27890e+00  0.00000e+00
 3.27905e+00  0.00000e+00
 3.27920e+00  0.00000e+00
 3.27935e+00  0.00000e+00
 3.27950e+00  0.00000e+00
 3.27965e+00  0.00000e+00
 3.27980e+00  0.00000e+00
 3.27995e+00  0.00000e+00
 3.28010e+00  0.00000e+00
 3.28025e+00  0.00000e+00
 3.28040e+00  0.00000e+00
 3.28055e+00  0.00000e+00
 3.28070e+00  0.00000e+00
 3.28085e+00  0.00000e+00
 3.28100e+00  0.00000e+00
 3.28115e+00  0.00000e+00
 3.28130e+00  0.00000e+00
 3.28145e+00  0.00000e+00
 3.28160e+00  0.00000e+00
 3.28175e+00  0.00000e+00
 3.28190e+00  0.00000e+00
 3.28205e+00  0.00000e+00
 3.28220e+00  0.00000e+00
 3.28235e+00  0.00000e+00
 3.28250e+00  0.00000e+00
 3.28265e+00  0.00000e+00
 3.28280e+00  0.00000e+00
 3.28295e+00  0.00000e+00
 3.28310e+00  0.00000e+00
 3.28325e+00  0.00000e+00
 3.28340e+00  0.00000e+00
 3.28355e+00  0.00000e+00
 3.28370e+00  0.00000e+00
 3.28385e+00  0.00000e+00
 3.28400e+00  0.00000e+00
 3.28415e+00  0.00000e+00
 3.28430e+00  0.00000e+00
 3.28445e+00  0.00000e+00
 3.28460e+00  0.00000e+00
 3.28475e+00  0.00000e+00
 3.28490e+00  0.00000e+00
 3.28505e+00  0.00000e+00
 3.28520e+00  0.00000e+00
 3.28535e+00  0.00000e+00
 3.28550e+00  0.00000e+00
 3.28565e+00  0.00000e+00
 3.28580e+00  0.00000e+00
 3.28595e+00  0.00000e+00
 3.28610e+00  0.00000e+00
 3.28625e+00  0.00000e+00
 3.28640e+00  0.00000e+00
 3.28655e+00  0.00000e+00
 3.28670e+00  0.00000e+00
 3.28685e+00  0.00000e+00
 3.28700e+00  0.00000e+00
 3.28715e+00  0.00000e+00
 3.28730e+00  0.00000e+00
 3.28745e+00  0.00000e+00
 3.28760e+00  0.00000e+00
 3.28775e+00  0.00000e+00
 3.28790e+00  0.00000e+00
 3.28805e+00  0.00000e+00
 3.28820e+00  0.00000e+00
 3.28835e+00  0.00000e+00
 3.28850e+00  0.00000e+00
 3.28865e+00  0.00000e+00
 3.28880e+00  0.00000e+00
 3.28895e+00  0.00000e+00
 3.28910e+00  0.00000e+00
 3.28925e+00  0.00000e+00
 3.28940e+00  0.00000e+00
 3.28955e+00  0.00000e+00
 3.28970e+00  0.00000e+00
 3.28985e+00  0.00000e+00
 3.29000e+00  0.00000e+00
 3.29015e+00  0.00000e+00
 3.29030e+00  0.00000e+00
 3.29045e+00  0.00000e+00
 3.29060e+00  0.00000e+00
 3.29075e+00  0.00000e+00
 3.29090e+00  0.00000e+00
 3.29105e+00  0.00000e+00
 3.29120e+00  0.00000e+00
 3.29135e+00  0.00000e+00
 3.29150e+00  0.00000e+00
 3.29165e+00  0.00000e+00
 3.29180e+00  0.00000e+00
 3.29195e+00  0.00000e+00
 3.29210e+00  0.00000e+00
 3.29225e+00  0.00000e+00
 3.29240e+00  0.00000e+00
 3.29255e+00  0.00000e+00
 3.29270e+00  0.00000e+00
 3.29285e+00  0.00000e+00
 3.29300e+00  0.00000e+00
 3.29315e+00  0.00000e+00
 3.29330e+00  0.00000e+00
 3.29345e+00  0.00000e+00
 3.29360e+00  0.00000e+00
 3.29375e+00  0.00000e+00
 3.29390e+00  0.00000e+00
 3.29405e+00  0.00000e+00
 3.29420e+00  0.00000e+00
 3.29435e+00  0.00000e+00
 3.29450e+00  0.00000e+00
 3.29465e+00  0.00000e+00
 3.29480e+00  0.00000e+00
 3.29495e+00  0.00000e+00
 3.29510e+00  0.00000e+00
 3.29525e+00  0.00000e+00
 3.29540e+00  0.00000e+00
 3.29555e+00  0.00000e+00
 3.29570e+00  0.00000e+00
 3.29585e+00  0.00000e+00
 3.29600e+00  0.00000e+00
 3.29615e+00  0.00000e+00
 3.29630e+00  0.00000e+00
 3.29645e+00  0.00000e+00
 3.29660e+00  0.00000e+00
 3.29675e+00  0.00000e+00
 3.29690e+00  0.00000e+00
 3.29705e+00  0.00000e+00
 3.29720e+00  0.00000e+00
 3.29735e+00  0.00000e+00
 3.29750e+00  0.00000e+00
 3.29765e+00  0.00000e+00
 3.29780e+00  0.00000e+00
 3.29795e+00  0.00000e+00
 3.29810e+00  0.00000e+00
 3.29825e+00  0.00000e+00
 3.29840e+00  0.00000e+00
 3.29855e+00  0.00000e+00
 3.29870e+00  0.00000e+00
 3.29885e+00  0.00000e+00
 3.29900e+00  0.00000e+00
 3.29915e+00  0.00000e+00
 3.29930e+00  0.00000e+00
 3.29945e+00  0.00000e+00
 3.29960e+00  0.00000e+00
 3.29975e+00  0.00000e+00
 3.29990e+00  0.00000e+00
 3.30005e+00  0.00000e+00
 3.30020e+00  0.00000e+00
 3.30035e+00  0.00000e+00
 3.30050e+00  0.00000e+00
 3.30065e+00  0.00000e+00
 3.30080e+00  0.00000e+00
 3.30095e+00  0.00000e+00
 3.30110e+00  0.00000e+00
 3.30125e+00  0.00000e+00
 3.30140e+00  0.00000e+00
 3.30155e+00  0.00000e+00
 3.30170e+00  0.00000e+00
 3.30185e+00  0.00000e+00
 3.30200e+00  0.00000e+00
 3.30215e+00  0.00000e+00
 3.30230e+00  0.00000e+00
 3.30245e+00  0.00000e+00
 3.30260e+00  0.00000e+00
 3.30275e+00  0.00000e+00
 3.30290e+00  0.00000e+00
 3.30305e+00  0.00000e+00
 3.30320e+00  0.00000e+00
 3.30335e+00  0.00000e+00
 3.30350e+00  0.00000e+00
 3.30365e+00  0.00000e+00
 3.30380e+00  0.00000e+00
 3.30395e+00  0.00000e+00
 3.30410e+00  0.00000e+00
 3.30425e+00  0.00000e+00
 3.30440e+00  0.00000e+00
 3.30455e+00  0.00000e+00
 3.30470e+00  0.00000e+00
 3.30485e+00  0.00000e+00
 3.30500e+00  0.00000e+00
 3.30515e+00  0.00000e+00
 3.30530e+00  0.00000e+00
 3.30545e+00  0.00000e+00
 3.30560e+00  0.00000e+00
 3.30575e+00  0.00000e+00
 3.30590e+00  0.00000e+00
 3.30605e+00  0.00000e+00
 3.30620e+00  0.00000e+00
 3.30635e+00  0.00000e+00
 3.30650e+00  0.00000e+00
 3.30665e+00  0.00000e+00
 3.30680e+00  0.00000e+00
 3.30695e+00  0.00000e+00
 3.30710e+00  0.00000e+00
 3.30725e+00  0.00000e+00
 3.30740e+00  0.00000e+00
 3.30755e+00  0.00000e+00
 3.30770e+00  0.00000e+00
 3.30785e+00  0.00000e+00
 3.30800e+00  0.00000e+00
 3.30815e+00  0.00000e+00
 3.30830e+00  0.00000e+00
 3.30845e+00  0.00000e+00
 3.30860e+00  0.00000e+00
 3.30875e+00  0.00000e+00
 3.30890e+00  0.00000e+00
 3.30905e+00  0.00000e+00
 3.30920e+00  0.00000e+00
 3.30935e+00  0.00000e+00
 3.30950e+00  0.00000e+00
 3.30965e+00  0.00000e+00
 3.30980e+00  0.00000e+00
 3.30995e+00  0.00000e+00
 3.31010e+00  0.00000e+00
 3.31025e+00  0.00000e+00
 3.31040e+00  0.00000e+00
 3.31055e+00  0.00000e+00
 3.31070e+00  0.00000e+00
 3.31085e+00  0.00000e+00
 3.31100e+00  0.00000e+00
 3.31115e+00  0.00000e+00
 3.31130e+00  0.00000e+00
 3.31145e+00  0.00000e+00
 3.31160e+00  0.00000e+00
 3.31175e+00  0.00000e+00
 3.31190e+00  0.00000e+00
 3.31205e+00  0.00000e+00
 3.31220e+00  0.00000e+00
 3.31235e+00  0.00000e+00
 3.31250e+00  0.00000e+00
 3.31265e+00  0.00000e+00
 3.31280e+00  0.00000e+00
 3.31295e+00  0.00000e+00
 3.31310e+00  0.00000e+00
 3.31325e+00  0.00000e+00
 3.31340e+00  0.00000e+00
 3.31355e+00  0.00000e+00
 3.31370e+00  0.00000e+00
 3.31385e+00  0.00000e+00
 3.31400e+00  0.00000e+00
 3.31415e+00  0.00000e+00
 3.31430e+00  0.00000e+00
 3.31445e+00  0.00000e+00
 3.31460e+00  0.00000e+00
 3.31475e+00  0.00000e+00
 3.31490e+00  0.00000e+00
 3.31505e+00  0.00000e+00
 3.31520e+00  0.00000e+00
 3.31535e+00  0.00000e+00
 3.31550e+00  0.00000e+00
 3.31565e+00  0.00000e+00
 3.31580e+00  0.00000e+00
 3.31595e+00  0.00000e+00
 3.31610e+00  0.00000e+00
 3.31625e+00  0.00000e+00
 3.31640e+00  0.00000e+00
 3.31655e+00  0.00000e+00
 3.31670e+00  0.00000e+00
 3.31685e+00  0.00000e+00
 3.31700e+00  0.00000e+00
 3.31715e+00  0.00000e+00
 3.31730e+00  0.00000e+00
 3.31745e+00  0.00000e+00
 3.31760e+00  0.00000e+00
 3.31775e+00  0.00000e+00
 3.31790e+00  0.00000e+00
 3.31805e+00  0.00000e+00
 3.31820e+00  0.00000e+00
 3.31835e+00  0.00000e+00
 3.31850e+00  0.00000e+00
 3.31865e+00  0.00000e+00
 3.31880e+00  0.00000e+00
 3.31895e+00  0.00000e+00
 3.31910e+00  0.00000e+00
 3.31925e+00  0.00000e+00
 3.31940e+00  0.00000e+00
 3.31955e+00  0.00000e+00
 3.31970e+00  0.00000e+00
 3.31985e+00  0.00000e+00
 3.32000e+00  0.00000e+00
 3.32015e+00  0.00000e+00
 3.32030e+00  0.00000e+00
 3.32045e+00  0.00000e+00
 3.32060e+00  0.00000e+00
 3.32075e+00  0.00000e+00
 3.32090e+00  0.00000e+00
 3.32105e+00  0.00000e+00
 3.32120e+00  0.00000e+00
 3.32135e+00  0.00000e+00
 3.32150e+00  0.00000e+00
 3.32165e+00  0.00000e+00
 3.32180e+00  0.00000e+00
 3.32195e+00  0.00000e+00
 3.32210e+00  0.00000e+00
 3.32225e+00  0.00000e+00
 3.32240e+00  0.00000e+00
 3.32255e+00  0.00000e+00
 3.32270e+00  0.00000e+00
 3.32285e+00  0.00000e+00
 3.32300e+00  0.00000e+00
 3.32315e+00  0.00000e+00
 3.32330e+00  0.00000e+00
 3.32345e+00  0.00000e+00
 3.32360e+00  0.00000e+00
 3.32375e+00  0.00000e+00
 3.32390e+00  0.00000e+00
 3.32405e+00  0.00000e+00
 3.32420e+00  0.00000e+00
 3.32435e+00  0.00000e+00
 3.32450e+00  0.00000e+00
 3.32465e+00  0.00000e+00
 3.32480e+00  0.00000e+00
 3.32495e+00  0.00000e+00
 3.32510e+00  0.00000e+00
 3.32525e+00  0.00000e+00
 3.32540e+00  0.00000e+00
 3.32555e+00  0.00000e+00
 3.32570e+00  0.00000e+00
 3.32585e+00  0.00000e+00
 3.32600e+00  0.00000e+00
 3.32615e+00  0.00000e+00
 3.32630e+00  0.00000e+00
 3.32645e+00  0.00000e+00
 3.32660e+00  0.00000e+00
 3.32675e+00  0.00000e+00
 3.32690e+00  0.00000e+00
 3.32705e+00  0.00000e+00
 3.32720e+00  0.00000e+00
 3.32735e+00  0.00000e+00
 3.32750e+00  0.00000e+00
 3.32765e+00  0.00000e+00
 3.32780e+00  0.00000e+00
 3.32795e+00  0.00000e+00
 3.32810e+00  0.00000e+00
 3.32825e+00  0.00000e+00
 3.32840e+00  0.00000e+00
 3.32855e+00  0.00000e+00
 3.32870e+00  0.00000e+00
 3.32885e+00  0.00000e+00
 3.32900e+00  0.00000e+00
 3.32915e+00  0.00000e+00
 3.32930e+00  0.00000e+00
 3.32945e+00  0.00000e+00
 3.32960e+00  0.00000e+00
 3.32975e+00  0.00000e+00
 3.32990e+00  0.00000e+00
 3.33005e+00  0.00000e+00
 3.33020e+00  0.00000e+00
 3.33035e+00  0.00000e+00
 3.33050e+00  0.00000e+00
 3.33065e+00  0.00000e+00
 3.33080e+00  0.00000e+00
 3.33095e+00  0.00000e+00
 3.33110e+00  0.00000e+00
 3.33125e+00  0.00000e+00
 3.33140e+00  0.00000e+00
 3.33155e+00  0.00000e+00
 3.33170e+00  0.00000e+00
 3.33185e+00  0.00000e+00
 3.33200e+00  0.00000e+00
 3.33215e+00  0.00000e+00
 3.33230e+00  0.00000e+00
 3.33245e+00  0.00000e+00
 3.33260e+00  0.00000e+00
 3.33275e+00  0.00000e+00
 3.33290e+00  0.00000e+00
 3.33305e+00  0.00000e+00
 3.33320e+00  0.00000e+00
 3.33335e+00  0.00000e+00
 3.33350e+00  0.00000e+00
 3.33365e+00  0.00000e+00
 3.33380e+00  0.00000e+00
 3.33395e+00  0.00000e+00
 3.33410e+00  0.00000e+00
 3.33425e+00  0.00000e+00
 3.33440e+00  0.00000e+00
 3.33455e+00  0.00000e+00
 3.33470e+00  0.00000e+00
 3.33485e+00  0.00000e+00
 3.33500e+00  0.00000e+00
 3.33515e+00  0.00000e+00
 3.33530e+00  0.00000e+00
 3.33545e+00  0.00000e+00
 3.33560e+00  0.00000e+00
 3.33575e+00  0.00000e+00
 3.33590e+00  0.00000e+00
 3.33605e+00  0.00000e+00
 3.33620e+00  0.00000e+00
 3.33635e+00  0.00000e+00
 3.33650e+00  0.00000e+00
 3.33665e+00  0.00000e+00
 3.33680e+00  0.00000e+00
 3.33695e+00  0.00000e+00
 3.33710e+00  0.00000e+00
 3.33725e+00  0.00000e+00
 3.33740e+00  0.00000e+00
 3.33755e+00  0.00000e+00
 3.33770e+00  0.00000e+00
 3.33785e+00  0.00000e+00
 3.33800e+00  0.00000e+00
 3.33815e+00  0.00000e+00
 3.33830e+00  0.00000e+00
 3.33845e+00  0.00000e+00
 3.33860e+00  0.00000e+00
 3.33875e+00  0.00000e+00
 3.33890e+00  0.00000e+00
 3.33905e+00  0.00000e+00
 3.33920e+00  0.00000e+00
 3.33935e+00  0.00000e+00
 3.33950e+00  0.00000e+00
 3.33965e+00  0.00000e+00
 3.33980e+00  0.00000e+00
 3.33995e+00  0.00000e+00
 3.34010e+00  0.00000e+00
 3.34025e+00  0.00000e+00
 3.34040e+00  0.00000e+00
 3.34055e+00  0.00000e+00
 3.34070e+00  0.00000e+00
 3.34085e+00  0.00000e+00
 3.34100e+00  0.00000e+00
 3.34115e+00  0.00000e+00
 3.34130e+00  0.00000e+00
 3.34145e+00  0.00000e+00
 3.34160e+00  0.00000e+00
 3.34175e+00  0.00000e+00
 3.34190e+00  0.00000e+00
 3.34205e+00  0.00000e+00
 3.34220e+00  0.00000e+00
 3.34235e+00  0.00000e+00
 3.34250e+00  0.00000e+00
 3.34265e+00  0.00000e+00
 3.34280e+00  0.00000e+00
 3.34295e+00  0.00000e+00
 3.34310e+00  0.00000e+00
 3.34325e+00  0.00000e+00
 3.34340e+00  0.00000e+00
 3.34355e+00  0.00000e+00
 3.34370e+00  0.00000e+00
 3.34385e+00  0.00000e+00
 3.34400e+00  0.00000e+00
 3.34415e+00  0.00000e+00
 3.34430e+00  0.00000e+00
 3.34445e+00  0.00000e+00
 3.34460e+00  0.00000e+00
 3.34475e+00  0.00000e+00
 3.34490e+00  0.00000e+00
 3.34505e+00  0.00000e+00
 3.34520e+00  0.00000e+00
 3.34535e+00  0.00000e+00
 3.34550e+00  0.00000e+00
 3.34565e+00  0.00000e+00
 3.34580e+00  0.00000e+00
 3.34595e+00  0.00000e+00
 3.34610e+00  0.00000e+00
 3.34625e+00  0.00000e+00
 3.34640e+00  0.00000e+00
 3.34655e+00  0.00000e+00
 3.34670e+00  0.00000e+00
 3.34685e+00  0.00000e+00
 3.34700e+00  0.00000e+00
 3.34715e+00  0.00000e+00
 3.34730e+00  0.00000e+00
 3.34745e+00  0.00000e+00
 3.34760e+00  0.00000e+00
 3.34775e+00  0.00000e+00
 3.34790e+00  0.00000e+00
 3.34805e+00  0.00000e+00
 3.34820e+00  0.00000e+00
 3.34835e+00  0.00000e+00
 3.34850e+00  0.00000e+00
 3.34865e+00  0.00000e+00
 3.34880e+00  0.00000e+00
 3.34895e+00  0.00000e+00
 3.34910e+00  0.00000e+00
 3.34925e+00  0.00000e+00
 3.34940e+00  0.00000e+00
 3.34955e+00  0.00000e+00
 3.34970e+00  0.00000e+00
 3.34985e+00  0.00000e+00
 3.35000e+00  0.00000e+00
 3.35015e+00  0.00000e+00
 3.35030e+00  0.00000e+00
 3.35045e+00  0.00000e+00
 3.35060e+00  0.00000e+00
 3.35075e+00  0.00000e+00
 3.35090e+00  0.00000e+00
 3.35105e+00  0.00000e+00
 3.35120e+00  0.00000e+00
 3.35135e+00  0.00000e+00
 3.35150e+00  0.00000e+00
 3.35165e+00  0.00000e+00
 3.35180e+00  0.00000e+00
 3.35195e+00  0.00000e+00
 3.35210e+00  0.00000e+00
 3.35225e+00  0.00000e+00
 3.35240e+00  0.00000e+00
 3.35255e+00  0.00000e+00
 3.35270e+00  0.00000e+00
 3.35285e+00  0.00000e+00
 3.35300e+00  0.00000e+00
 3.35315e+00  0.00000e+00
 3.35330e+00  0.00000e+00
 3.35345e+00  0.00000e+00
 3.35360e+00  0.00000e+00
 3.35375e+00  0.00000e+00
 3.35390e+00  0.00000e+00
 3.35405e+00  0.00000e+00
 3.35420e+00  0.00000e+00
 3.35435e+00  0.00000e+00
 3.35450e+00  0.00000e+00
 3.35465e+00  0.00000e+00
 3.35480e+00  0.00000e+00
 3.35495e+00  0.00000e+00
 3.35510e+00  0.00000e+00
 3.35525e+00  0.00000e+00
 3.35540e+00  0.00000e+00
 3.35555e+00  0.00000e+00
 3.35570e+00  0.00000e+00
 3.35585e+00  0.00000e+00
 3.35600e+00  0.00000e+00
 3.35615e+00  0.00000e+00
 3.35630e+00  0.00000e+00
 3.35645e+00  0.00000e+00
 3.35660e+00  0.00000e+00
 3.35675e+00  0.00000e+00
 3.35690e+00  0.00000e+00
 3.35705e+00  0.00000e+00
 3.35720e+00  0.00000e+00
 3.35735e+00  0.00000e+00
 3.35750e+00  0.00000e+00
 3.35765e+00  0.00000e+00
 3.35780e+00  0.00000e+00
 3.35795e+00  0.00000e+00
 3.35810e+00  0.00000e+00
 3.35825e+00  0.00000e+00
 3.35840e+00  0.00000e+00
 3.35855e+00  0.00000e+00
 3.35870e+00  0.00000e+00
 3.35885e+00  0.00000e+00
 3.35900e+00  0.00000e+00
 3.35915e+00  0.00000e+00
 3.35930e+00  0.00000e+00
 3.35945e+00  0.00000e+00
 3.35960e+00  0.00000e+00
 3.35975e+00  0.00000e+00
 3.35990e+00  0.00000e+00
 3.36005e+00  0.00000e+00
 3.36020e+00  0.00000e+00
 3.36035e+00  0.00000e+00
 3.36050e+00  0.00000e+00
 3.36065e+00  0.00000e+00
 3.36080e+00  0.00000e+00
 3.36095e+00  0.00000e+00
 3.36110e+00  0.00000e+00
 3.36125e+00  0.00000e+00
 3.36140e+00  0.00000e+00
 3.36155e+00  0.00000e+00
 3.36170e+00  0.00000e+00
 3.36185e+00  0.00000e+00
 3.36200e+00  0.00000e+00
 3.36215e+00  0.00000e+00
 3.36230e+00  0.00000e+00
 3.36245e+00  0.00000e+00
 3.36260e+00  0.00000e+00
 3.36275e+00  0.00000e+00
 3.36290e+00  0.00000e+00
 3.36305e+00  0.00000e+00
 3.36320e+00  0.00000e+00
 3.36335e+00  0.00000e+00
 3.36350e+00  0.00000e+00
 3.36365e+00  0.00000e+00
 3.36380e+00  0.00000e+00
 3.36395e+00  0.00000e+00
 3.36410e+00  0.00000e+00
 3.36425e+00  0.00000e+00
 3.36440e+00  0.00000e+00
 3.36455e+00  0.00000e+00
 3.36470e+00  0.00000e+00
 3.36485e+00  0.00000e+00
 3.36500e+00  0.00000e+00
 3.36515e+00  0.00000e+00
 3.36530e+00  0.00000e+00
 3.36545e+00  0.00000e+00
 3.36560e+00  0.00000e+00
 3.36575e+00  0.00000e+00
 3.36590e+00  0.00000e+00
 3.36605e+00  0.00000e+00
 3.36620e+00  0.00000e+00
 3.36635e+00  0.00000e+00
 3.36650e+00  0.00000e+00
 3.36665e+00  0.00000e+00
 3.36680e+00  0.00000e+00
 3.36695e+00  0.00000e+00
 3.36710e+00  0.00000e+00
 3.36725e+00  0.00000e+00
 3.36740e+00  0.00000e+00
 3.36755e+00  0.00000e+00
 3.36770e+00  0.00000e+00
 3.36785e+00  0.00000e+00
 3.36800e+00  0.00000e+00
 3.36815e+00  0.00000e+00
 3.36830e+00  0.00000e+00
 3.36845e+00  0.00000e+00
 3.36860e+00  0.00000e+00
 3.36875e+00  0.00000e+00
 3.36890e+00  0.00000e+00
 3.36905e+00  0.00000e+00
 3.36920e+00  0.00000e+00
 3.36935e+00  0.00000e+00
 3.36950e+00  0.00000e+00
 3.36965e+00  0.00000e+00
 3.36980e+00  0.00000e+00
 3.36995e+00  0.00000e+00
 3.37010e+00  0.00000e+00
 3.37025e+00  0.00000e+00
 3.37040e+00  0.00000e+00
 3.37055e+00  0.00000e+00
 3.37070e+00  0.00000e+00
 3.37085e+00  0.00000e+00
 3.37100e+00  0.00000e+00
 3.37115e+00  0.00000e+00
 3.37130e+00  0.00000e+00
 3.37145e+00  0.00000e+00
 3.37160e+00  0.00000e+00
 3.37175e+00  0.00000e+00
 3.37190e+00  0.00000e+00
 3.37205e+00  0.00000e+00
 3.37220e+00  0.00000e+00
 3.37235e+00  0.00000e+00
 3.37250e+00  0.00000e+00
 3.37265e+00  0.00000e+00
 3.37280e+00  0.00000e+00
 3.37295e+00  0.00000e+00
 3.37310e+00  0.00000e+00
 3.37325e+00  0.00000e+00
 3.37340e+00  0.00000e+00
 3.37355e+00  0.00000e+00
 3.37370e+00  0.00000e+00
 3.37385e+00  0.00000e+00
 3.37400e+00  0.00000e+00
 3.37415e+00  0.00000e+00
 3.37430e+00  0.00000e+00
 3.37445e+00  0.00000e+00
 3.37460e+00  0.00000e+00
 3.37475e+00  0.00000e+00
 3.37490e+00  0.00000e+00
 3.37505e+00  0.00000e+00
 3.37520e+00  0.00000e+00
 3.37535e+00  0.00000e+00
 3.37550e+00  0.00000e+00
 3.37565e+00  0.00000e+00
 3.37580e+00  0.00000e+00
 3.37595e+00  0.00000e+00
 3.37610e+00  0.00000e+00
 3.37625e+00  0.00000e+00
 3.37640e+00  0.00000e+00
 3.37655e+00  0.00000e+00
 3.37670e+00  0.00000e+00
 3.37685e+00  0.00000e+00
 3.37700e+00  0.00000e+00
 3.37715e+00  0.00000e+00
 3.37730e+00  0.00000e+00
 3.37745e+00  0.00000e+00
 3.37760e+00  0.00000e+00
 3.37775e+00  0.00000e+00
 3.37790e+00  0.00000e+00
 3.37805e+00  0.00000e+00
 3.37820e+00  0.00000e+00
 3.37835e+00  0.00000e+00
 3.37850e+00  0.00000e+00
 3.37865e+00  0.00000e+00
 3.37880e+00  0.00000e+00
 3.37895e+00  0.00000e+00
 3.37910e+00  0.00000e+00
 3.37925e+00  0.00000e+00
 3.37940e+00  0.00000e+00
 3.37955e+00  0.00000e+00
 3.37970e+00  0.00000e+00
 3.37985e+00  0.00000e+00
 3.38000e+00  0.00000e+00
 3.38015e+00  0.00000e+00
 3.38030e+00  0.00000e+00
 3.38045e+00  0.00000e+00
 3.38060e+00  0.00000e+00
 3.38075e+00  0.00000e+00
 3.38090e+00  0.00000e+00
 3.38105e+00  0.00000e+00
 3.38120e+00  0.00000e+00
 3.38135e+00  0.00000e+00
 3.38150e+00  0.00000e+00
 3.38165e+00  0.00000e+00
 3.38180e+00  0.00000e+00
 3.38195e+00  0.00000e+00
 3.38210e+00  0.00000e+00
 3.38225e+00  0.00000e+00
 3.38240e+00  0.00000e+00
 3.38255e+00  0.00000e+00
 3.38270e+00  0.00000e+00
 3.38285e+00  0.00000e+00
 3.38300e+00  0.00000e+00
 3.38315e+00  0.00000e+00
 3.38330e+00  0.00000e+00
 3.38345e+00  0.00000e+00
 3.38360e+00  0.00000e+00
 3.38375e+00  0.00000e+00
 3.38390e+00  0.00000e+00
 3.38405e+00  0.00000e+00
 3.38420e+00  0.00000e+00
 3.38435e+00  0.00000e+00
 3.38450e+00  0.00000e+00
 3.38465e+00  0.00000e+00
 3.38480e+00  0.00000e+00
 3.38495e+00  0.00000e+00
 3.38510e+00  0.00000e+00
 3.38525e+00  0.00000e+00
 3.38540e+00  0.00000e+00
 3.38555e+00  0.00000e+00
 3.38570e+00  0.00000e+00
 3.38585e+00  0.00000e+00
 3.38600e+00  0.00000e+00
 3.38615e+00  0.00000e+00
 3.38630e+00  0.00000e+00
 3.38645e+00  0.00000e+00
 3.38660e+00  0.00000e+00
 3.38675e+00  0.00000e+00
 3.38690e+00  0.00000e+00
 3.38705e+00  0.00000e+00
 3.38720e+00  0.00000e+00
 3.38735e+00  0.00000e+00
 3.38750e+00  0.00000e+00
 3.38765e+00  0.00000e+00
 3.38780e+00  0.00000e+00
 3.38795e+00  0.00000e+00
 3.38810e+00  0.00000e+00
 3.38825e+00  0.00000e+00
 3.38840e+00  0.00000e+00
 3.38855e+00  0.00000e+00
 3.38870e+00  0.00000e+00
 3.38885e+00  0.00000e+00
 3.38900e+00  0.00000e+00
 3.38915e+00  0.00000e+00
 3.38930e+00  0.00000e+00
 3.38945e+00  0.00000e+00
 3.38960e+00  0.00000e+00
 3.38975e+00  0.00000e+00
 3.38990e+00  0.00000e+00
 3.39005e+00  0.00000e+00
 3.39020e+00  0.00000e+00
 3.39035e+00  0.00000e+00
 3.39050e+00  0.00000e+00
 3.39065e+00  0.00000e+00
 3.39080e+00  0.00000e+00
 3.39095e+00  0.00000e+00
 3.39110e+00  0.00000e+00
 3.39125e+00  0.00000e+00
 3.39140e+00  0.00000e+00
 3.39155e+00  0.00000e+00
 3.39170e+00  0.00000e+00
 3.39185e+00  0.00000e+00
 3.39200e+00  0.00000e+00
 3.39215e+00  0.00000e+00
 3.39230e+00  0.00000e+00
 3.39245e+00  0.00000e+00
 3.39260e+00  0.00000e+00
 3.39275e+00  0.00000e+00
 3.39290e+00  0.00000e+00
 3.39305e+00  0.00000e+00
 3.39320e+00  0.00000e+00
 3.39335e+00  0.00000e+00
 3.39350e+00  0.00000e+00
 3.39365e+00  0.00000e+00
 3.39380e+00  0.00000e+00
 3.39395e+00  0.00000e+00
 3.39410e+00  0.00000e+00
 3.39425e+00  0.00000e+00
 3.39440e+00  0.00000e+00
 3.39455e+00  0.00000e+00
 3.39470e+00  0.00000e+00
 3.39485e+00  0.00000e+00
 3.39500e+00  0.00000e+00
 3.39515e+00  0.00000e+00
 3.39530e+00  0.00000e+00
 3.39545e+00  0.00000e+00
 3.39560e+00  0.00000e+00
 3.39575e+00  0.00000e+00
 3.39590e+00  0.00000e+00
 3.39605e+00  0.00000e+00
 3.39620e+00  0.00000e+00
 3.39635e+00  0.00000e+00
 3.39650e+00  0.00000e+00
 3.39665e+00  0.00000e+00
 3.39680e+00  0.00000e+00
 3.39695e+00  0.00000e+00
 3.39710e+00  0.00000e+00
 3.39725e+00  0.00000e+00
 3.39740e+00  0.00000e+00
 3.39755e+00  0.00000e+00
 3.39770e+00  0.00000e+00
 3.39785e+00  0.00000e+00
 3.39800e+00  0.00000e+00
 3.39815e+00  0.00000e+00
 3.39830e+00  0.00000e+00
 3.39845e+00  0.00000e+00
 3.39860e+00  0.00000e+00
 3.39875e+00  0.00000e+00
 3.39890e+00  0.00000e+00
 3.39905e+00  0.00000e+00
 3.39920e+00  0.00000e+00
 3.39935e+00  0.00000e+00
 3.39950e+00  0.00000e+00
 3.39965e+00  0.00000e+00
 3.39980e+00  0.00000e+00
 3.39995e+00  0.00000e+00
 3.40010e+00  0.00000e+00
 3.40025e+00  0.00000e+00
 3.40040e+00  0.00000e+00
 3.40055e+00  0.00000e+00
 3.40070e+00  0.00000e+00
 3.40085e+00  0.00000e+00
 3.40100e+00  0.00000e+00
 3.40115e+00  0.00000e+00
 3.40130e+00  0.00000e+00
 3.40145e+00  0.00000e+00
 3.40160e+00  0.00000e+00
 3.40175e+00  0.00000e+00
 3.40190e+00  0.00000e+00
 3.40205e+00  0.00000e+00
 3.40220e+00  0.00000e+00
 3.40235e+00  0.00000e+00
 3.40250e+00  0.00000e+00
 3.40265e+00  0.00000e+00
 3.40280e+00  0.00000e+00
 3.40295e+00  0.00000e+00
 3.40310e+00  0.00000e+00
 3.40325e+00  0.00000e+00
 3.40340e+00  0.00000e+00
 3.40355e+00  0.00000e+00
 3.40370e+00  0.00000e+00
 3.40385e+00  0.00000e+00
 3.40400e+00  0.00000e+00
 3.40415e+00  0.00000e+00
 3.40430e+00  0.00000e+00
 3.40445e+00  0.00000e+00
 3.40460e+00  0.00000e+00
 3.40475e+00  0.00000e+00
 3.40490e+00  0.00000e+00
 3.40505e+00  0.00000e+00
 3.40520e+00  0.00000e+00
 3.40535e+00  0.00000e+00
 3.40550e+00  0.00000e+00
 3.40565e+00  0.00000e+00
 3.40580e+00  0.00000e+00
 3.40595e+00  0.00000e+00
 3.40610e+00  0.00000e+00
 3.40625e+00  0.00000e+00
 3.40640e+00  0.00000e+00
 3.40655e+00  0.00000e+00
 3.40670e+00  0.00000e+00
 3.40685e+00  0.00000e+00
 3.40700e+00  0.00000e+00
 3.40715e+00  0.00000e+00
 3.40730e+00  0.00000e+00
 3.40745e+00  0.00000e+00
 3.40760e+00  0.00000e+00
 3.40775e+00  0.00000e+00
 3.40790e+00  0.00000e+00
 3.40805e+00  0.00000e+00
 3.40820e+00  0.00000e+00
 3.40835e+00  0.00000e+00
 3.40850e+00  0.00000e+00
 3.40865e+00  0.00000e+00
 3.40880e+00  0.00000e+00
 3.40895e+00  0.00000e+00
 3.40910e+00  0.00000e+00
 3.40925e+00  0.00000e+00
 3.40940e+00  0.00000e+00
 3.40955e+00  0.00000e+00
 3.40970e+00  0.00000e+00
 3.40985e+00  0.00000e+00
 3.41000e+00  0.00000e+00
 3.41015e+00  0.00000e+00
 3.41030e+00  0.00000e+00
 3.41045e+00  0.00000e+00
 3.41060e+00  0.00000e+00
 3.41075e+00  0.00000e+00
 3.41090e+00  0.00000e+00
 3.41105e+00  0.00000e+00
 3.41120e+00  0.00000e+00
 3.41135e+00  0.00000e+00
 3.41150e+00  0.00000e+00
 3.41165e+00  0.00000e+00
 3.41180e+00  0.00000e+00
 3.41195e+00  0.00000e+00
 3.41210e+00  0.00000e+00
 3.41225e+00  0.00000e+00
 3.41240e+00  0.00000e+00
 3.41255e+00  0.00000e+00
 3.41270e+00  0.00000e+00
 3.41285e+00  0.00000e+00
 3.41300e+00  0.00000e+00
 3.41315e+00  0.00000e+00
 3.41330e+00  0.00000e+00
 3.41345e+00  0.00000e+00
 3.41360e+00  0.00000e+00
 3.41375e+00  0.00000e+00
 3.41390e+00  0.00000e+00
 3.41405e+00  0.00000e+00
 3.41420e+00  0.00000e+00
 3.41435e+00  0.00000e+00
 3.41450e+00  0.00000e+00
 3.41465e+00  0.00000e+00
 3.41480e+00  0.00000e+00
 3.41495e+00  0.00000e+00
 3.41510e+00  0.00000e+00
 3.41525e+00  0.00000e+00
 3.41540e+00  0.00000e+00
 3.41555e+00  0.00000e+00
 3.41570e+00  0.00000e+00
 3.41585e+00  0.00000e+00
 3.41600e+00  0.00000e+00
 3.41615e+00  0.00000e+00
 3.41630e+00  0.00000e+00
 3.41645e+00  0.00000e+00
 3.41660e+00  0.00000e+00
 3.41675e+00  0.00000e+00
 3.41690e+00  0.00000e+00
 3.41705e+00  0.00000e+00
 3.41720e+00  0.00000e+00
 3.41735e+00  0.00000e+00
 3.41750e+00  0.00000e+00
 3.41765e+00  0.00000e+00
 3.41780e+00  0.00000e+00
 3.41795e+00  0.00000e+00
 3.41810e+00  0.00000e+00
 3.41825e+00  0.00000e+00
 3.41840e+00  0.00000e+00
 3.41855e+00  0.00000e+00
 3.41870e+00  0.00000e+00
 3.41885e+00  0.00000e+00
 3.41900e+00  0.00000e+00
 3.41915e+00  0.00000e+00
 3.41930e+00  0.00000e+00
 3.41945e+00  0.00000e+00
 3.41960e+00  0.00000e+00
 3.41975e+00  0.00000e+00
 3.41990e+00  0.00000e+00
 3.42005e+00  0.00000e+00
 3.42020e+00  0.00000e+00
 3.42035e+00  0.00000e+00
 3.42050e+00  0.00000e+00
 3.42065e+00  0.00000e+00
 3.42080e+00  0.00000e+00
 3.42095e+00  0.00000e+00
 3.42110e+00  0.00000e+00
 3.42125e+00  0.00000e+00
 3.42140e+00  0.00000e+00
 3.42155e+00  0.00000e+00
 3.42170e+00  0.00000e+00
 3.42185e+00  0.00000e+00
 3.42200e+00  0.00000e+00
 3.42215e+00  0.00000e+00
 3.42230e+00  0.00000e+00
 3.42245e+00  0.00000e+00
 3.42260e+00  0.00000e+00
 3.42275e+00  0.00000e+00
 3.42290e+00  0.00000e+00
 3.42305e+00  0.00000e+00
 3.42320e+00  0.00000e+00
 3.42335e+00  0.00000e+00
 3.42350e+00  0.00000e+00
 3.42365e+00  0.00000e+00
 3.42380e+00  0.00000e+00
 3.42395e+00  0.00000e+00
 3.42410e+00  0.00000e+00
 3.42425e+00  0.00000e+00
 3.42440e+00  0.00000e+00
 3.42455e+00  0.00000e+00
 3.42470e+00  0.00000e+00
 3.42485e+00  0.00000e+00
 3.42500e+00  0.00000e+00
 3.42515e+00  0.00000e+00
 3.42530e+00  0.00000e+00
 3.42545e+00  0.00000e+00
 3.42560e+00  0.00000e+00
 3.42575e+00  0.00000e+00
 3.42590e+00  0.00000e+00
 3.42605e+00  0.00000e+00
 3.42620e+00  0.00000e+00
 3.42635e+00  0.00000e+00
 3.42650e+00  0.00000e+00
 3.42665e+00  0.00000e+00
 3.42680e+00  0.00000e+00
 3.42695e+00  0.00000e+00
 3.42710e+00  0.00000e+00
 3.42725e+00  0.00000e+00
 3.42740e+00  0.00000e+00
 3.42755e+00  0.00000e+00
 3.42770e+00  0.00000e+00
 3.42785e+00  0.00000e+00
 3.42800e+00  0.00000e+00
 3.42815e+00  0.00000e+00
 3.42830e+00  0.00000e+00
 3.42845e+00  0.00000e+00
 3.42860e+00  0.00000e+00
 3.42875e+00  0.00000e+00
 3.42890e+00  0.00000e+00
 3.42905e+00  0.00000e+00
 3.42920e+00  0.00000e+00
 3.42935e+00  0.00000e+00
 3.42950e+00  0.00000e+00
 3.42965e+00  0.00000e+00
 3.42980e+00  0.00000e+00
 3.42995e+00  0.00000e+00
 3.43010e+00  0.00000e+00
 3.43025e+00  0.00000e+00
 3.43040e+00  0.00000e+00
 3.43055e+00  0.00000e+00
 3.43070e+00  0.00000e+00
 3.43085e+00  0.00000e+00
 3.43100e+00  0.00000e+00
 3.43115e+00  0.00000e+00
 3.43130e+00  0.00000e+00
 3.43145e+00  0.00000e+00
 3.43160e+00  0.00000e+00
 3.43175e+00  0.00000e+00
 3.43190e+00  0.00000e+00
 3.43205e+00  0.00000e+00
 3.43220e+00  0.00000e+00
 3.43235e+00  0.00000e+00
 3.43250e+00  0.00000e+00
 3.43265e+00  0.00000e+00
 3.43280e+00  0.00000e+00
 3.43295e+00  0.00000e+00
 3.43310e+00  0.00000e+00
 3.43325e+00  0.00000e+00
 3.43340e+00  0.00000e+00
 3.43355e+00  0.00000e+00
 3.43370e+00  0.00000e+00
 3.43385e+00  0.00000e+00
 3.43400e+00  0.00000e+00
 3.43415e+00  0.00000e+00
 3.43430e+00  0.00000e+00
 3.43445e+00  0.00000e+00
 3.43460e+00  0.00000e+00
 3.43475e+00  0.00000e+00
 3.43490e+00  0.00000e+00
 3.43505e+00  0.00000e+00
 3.43520e+00  0.00000e+00
 3.43535e+00  0.00000e+00
 3.43550e+00  0.00000e+00
 3.43565e+00  0.00000e+00
 3.43580e+00  0.00000e+00
 3.43595e+00  0.00000e+00
 3.43610e+00  0.00000e+00
 3.43625e+00  0.00000e+00
 3.43640e+00  0.00000e+00
 3.43655e+00  0.00000e+00
 3.43670e+00  0.00000e+00
 3.43685e+00  0.00000e+00
 3.43700e+00  0.00000e+00
 3.43715e+00  0.00000e+00
 3.43730e+00  0.00000e+00
 3.43745e+00  0.00000e+00
 3.43760e+00  0.00000e+00
 3.43775e+00  0.00000e+00
 3.43790e+00  0.00000e+00
 3.43805e+00  0.00000e+00
 3.43820e+00  0.00000e+00
 3.43835e+00  0.00000e+00
 3.43850e+00  0.00000e+00
 3.43865e+00  0.00000e+00
 3.43880e+00  0.00000e+00
 3.43895e+00  0.00000e+00
 3.43910e+00  0.00000e+00
 3.43925e+00  0.00000e+00
 3.43940e+00  0.00000e+00
 3.43955e+00  0.00000e+00
 3.43970e+00  0.00000e+00
 3.43985e+00  0.00000e+00
 3.44000e+00  0.00000e+00
 3.44015e+00  0.00000e+00
 3.44030e+00  0.00000e+00
 3.44045e+00  0.00000e+00
 3.44060e+00  0.00000e+00
 3.44075e+00  0.00000e+00
 3.44090e+00  0.00000e+00
 3.44105e+00  0.00000e+00
 3.44120e+00  0.00000e+00
 3.44135e+00  0.00000e+00
 3.44150e+00  0.00000e+00
 3.44165e+00  0.00000e+00
 3.44180e+00  0.00000e+00
 3.44195e+00  0.00000e+00
 3.44210e+00  0.00000e+00
 3.44225e+00  0.00000e+00
 3.44240e+00  0.00000e+00
 3.44255e+00  0.00000e+00
 3.44270e+00  0.00000e+00
 3.44285e+00  0.00000e+00
 3.44300e+00  0.00000e+00
 3.44315e+00  0.00000e+00
 3.44330e+00  0.00000e+00
 3.44345e+00  0.00000e+00
 3.44360e+00  0.00000e+00
 3.44375e+00  0.00000e+00
 3.44390e+00  0.00000e+00
 3.44405e+00  0.00000e+00
 3.44420e+00  0.00000e+00
 3.44435e+00  0.00000e+00
 3.44450e+00  0.00000e+00
 3.44465e+00  0.00000e+00
 3.44480e+00  0.00000e+00
 3.44495e+00  0.00000e+00
 3.44510e+00  0.00000e+00
 3.44525e+00  0.00000e+00
 3.44540e+00  0.00000e+00
 3.44555e+00  0.00000e+00
 3.44570e+00  0.00000e+00
 3.44585e+00  0.00000e+00
 3.44600e+00  0.00000e+00
 3.44615e+00  0.00000e+00
 3.44630e+00  0.00000e+00
 3.44645e+00  0.00000e+00
 3.44660e+00  0.00000e+00
 3.44675e+00  0.00000e+00
 3.44690e+00  0.00000e+00
 3.44705e+00  0.00000e+00
 3.44720e+00  0.00000e+00
 3.44735e+00  0.00000e+00
 3.44750e+00  0.00000e+00
 3.44765e+00  0.00000e+00
 3.44780e+00  0.00000e+00
 3.44795e+00  0.00000e+00
 3.44810e+00  0.00000e+00
 3.44825e+00  0.00000e+00
 3.44840e+00  0.00000e+00
 3.44855e+00  0.00000e+00
 3.44870e+00  0.00000e+00
 3.44885e+00  0.00000e+00
 3.44900e+00  0.00000e+00
 3.44915e+00  0.00000e+00
 3.44930e+00  0.00000e+00
 3.44945e+00  0.00000e+00
 3.44960e+00  0.00000e+00
 3.44975e+00  0.00000e+00
 3.44990e+00  0.00000e+00
 3.45005e+00  0.00000e+00
 3.45020e+00  0.00000e+00
 3.45035e+00  0.00000e+00
 3.45050e+00  0.00000e+00
 3.45065e+00  0.00000e+00
 3.45080e+00  0.00000e+00
 3.45095e+00  0.00000e+00
 3.45110e+00  0.00000e+00
 3.45125e+00  0.00000e+00
 3.45140e+00  0.00000e+00
 3.45155e+00  0.00000e+00
 3.45170e+00  0.00000e+00
 3.45185e+00  0.00000e+00
 3.45200e+00  0.00000e+00
 3.45215e+00  0.00000e+00
 3.45230e+00  0.00000e+00
 3.45245e+00  0.00000e+00
 3.45260e+00  0.00000e+00
 3.45275e+00  0.00000e+00
 3.45290e+00  0.00000e+00
 3.45305e+00  0.00000e+00
 3.45320e+00  0.00000e+00
 3.45335e+00  0.00000e+00
 3.45350e+00  0.00000e+00
 3.45365e+00  0.00000e+00
 3.45380e+00  0.00000e+00
 3.45395e+00  0.00000e+00
 3.45410e+00  0.00000e+00
 3.45425e+00  0.00000e+00
 3.45440e+00  0.00000e+00
 3.45455e+00  0.00000e+00
 3.45470e+00  0.00000e+00
 3.45485e+00  0.00000e+00
 3.45500e+00  0.00000e+00
 3.45515e+00  0.00000e+00
 3.45530e+00  0.00000e+00
 3.45545e+00  0.00000e+00
 3.45560e+00  0.00000e+00
 3.45575e+00  0.00000e+00
 3.45590e+00  0.00000e+00
 3.45605e+00  0.00000e+00
 3.45620e+00  0.00000e+00
 3.45635e+00  0.00000e+00
 3.45650e+00  0.00000e+00
 3.45665e+00  0.00000e+00
 3.45680e+00  0.00000e+00
 3.45695e+00  0.00000e+00
 3.45710e+00  0.00000e+00
 3.45725e+00  0.00000e+00
 3.45740e+00  0.00000e+00
 3.45755e+00  0.00000e+00
 3.45770e+00  0.00000e+00
 3.45785e+00  0.00000e+00
 3.45800e+00  0.00000e+00
 3.45815e+00  0.00000e+00
 3.45830e+00  0.00000e+00
 3.45845e+00  0.00000e+00
 3.45860e+00  0.00000e+00
 3.45875e+00  0.00000e+00
 3.45890e+00  0.00000e+00
 3.45905e+00  0.00000e+00
 3.45920e+00  0.00000e+00
 3.45935e+00  0.00000e+00
 3.45950e+00  0.00000e+00
 3.45965e+00  0.00000e+00
 3.45980e+00  0.00000e+00
 3.45995e+00  0.00000e+00
 3.46010e+00  0.00000e+00
 3.46025e+00  0.00000e+00
 3.46040e+00  0.00000e+00
 3.46055e+00  0.00000e+00
 3.46070e+00  0.00000e+00
 3.46085e+00  0.00000e+00
 3.46100e+00  0.00000e+00
 3.46115e+00  0.00000e+00
 3.46130e+00  0.00000e+00
 3.46145e+00  0.00000e+00
 3.46160e+00  0.00000e+00
 3.46175e+00  0.00000e+00
 3.46190e+00  0.00000e+00
 3.46205e+00  0.00000e+00
 3.46220e+00  0.00000e+00
 3.46235e+00  0.00000e+00
 3.46250e+00  0.00000e+00
 3.46265e+00  0.00000e+00
 3.46280e+00  0.00000e+00
 3.46295e+00  0.00000e+00
 3.46310e+00  0.00000e+00
 3.46325e+00  0.00000e+00
 3.46340e+00  0.00000e+00
 3.46355e+00  0.00000e+00
 3.46370e+00  0.00000e+00
 3.46385e+00  0.00000e+00
 3.46400e+00  0.00000e+00
 3.46415e+00  0.00000e+00
 3.46430e+00  0.00000e+00
 3.46445e+00  0.00000e+00
 3.46460e+00  0.00000e+00
 3.46475e+00  0.00000e+00
 3.46490e+00  0.00000e+00
 3.46505e+00  0.00000e+00
 3.46520e+00  0.00000e+00
 3.46535e+00  0.00000e+00
 3.46550e+00  0.00000e+00
 3.46565e+00  0.00000e+00
 3.46580e+00  0.00000e+00
 3.46595e+00  0.00000e+00
 3.46610e+00  0.00000e+00
 3.46625e+00  0.00000e+00
 3.46640e+00  0.00000e+00
 3.46655e+00  0.00000e+00
 3.46670e+00  0.00000e+00
 3.46685e+00  0.00000e+00
 3.46700e+00  0.00000e+00
 3.46715e+00  0.00000e+00
 3.46730e+00  0.00000e+00
 3.46745e+00  0.00000e+00
 3.46760e+00  0.00000e+00
 3.46775e+00  0.00000e+00
 3.46790e+00  0.00000e+00
 3.46805e+00  0.00000e+00
 3.46820e+00  0.00000e+00
 3.46835e+00  0.00000e+00
 3.46850e+00  0.00000e+00
 3.46865e+00  0.00000e+00
 3.46880e+00  0.00000e+00
 3.46895e+00  0.00000e+00
 3.46910e+00  0.00000e+00
 3.46925e+00  0.00000e+00
 3.46940e+00  0.00000e+00
 3.46955e+00  0.00000e+00
 3.46970e+00  0.00000e+00
 3.46985e+00  0.00000e+00
 3.47000e+00  0.00000e+00
 3.47015e+00  0.00000e+00
 3.47030e+00  0.00000e+00
 3.47045e+00  0.00000e+00
 3.47060e+00  0.00000e+00
 3.47075e+00  0.00000e+00
 3.47090e+00  0.00000e+00
 3.47105e+00  0.00000e+00
 3.47120e+00  0.00000e+00
 3.47135e+00  0.00000e+00
 3.47150e+00  0.00000e+00
 3.47165e+00  0.00000e+00
 3.47180e+00  0.00000e+00
 3.47195e+00  0.00000e+00
 3.47210e+00  0.00000e+00
 3.47225e+00  0.00000e+00
 3.47240e+00  0.00000e+00
 3.47255e+00  0.00000e+00
 3.47270e+00  0.00000e+00
 3.47285e+00  0.00000e+00
 3.47300e+00  0.00000e+00
 3.47315e+00  0.00000e+00
 3.47330e+00  0.00000e+00
 3.47345e+00  0.00000e+00
 3.47360e+00  0.00000e+00
 3.47375e+00  0.00000e+00
 3.47390e+00  0.00000e+00
 3.47405e+00  0.00000e+00
 3.47420e+00  0.00000e+00
 3.47435e+00  0.00000e+00
 3.47450e+00  0.00000e+00
 3.47465e+00  0.00000e+00
 3.47480e+00  0.00000e+00
 3.47495e+00  0.00000e+00
 3.47510e+00  0.00000e+00
 3.47525e+00  0.00000e+00
 3.47540e+00  0.00000e+00
 3.47555e+00  0.00000e+00
 3.47570e+00  0.00000e+00
 3.47585e+00  0.00000e+00
 3.47600e+00  0.00000e+00
 3.47615e+00  0.00000e+00
 3.47630e+00  0.00000e+00
 3.47645e+00  0.00000e+00
 3.47660e+00  0.00000e+00
 3.47675e+00  0.00000e+00
 3.47690e+00  0.00000e+00
 3.47705e+00  0.00000e+00
 3.47720e+00  0.00000e+00
 3.47735e+00  0.00000e+00
 3.47750e+00  0.00000e+00
 3.47765e+00  0.00000e+00
 3.47780e+00  0.00000e+00
 3.47795e+00  0.00000e+00
 3.47810e+00  0.00000e+00
 3.47825e+00  0.00000e+00
 3.47840e+00  0.00000e+00
 3.47855e+00  0.00000e+00
 3.47870e+00  0.00000e+00
 3.47885e+00  0.00000e+00
 3.47900e+00  0.00000e+00
 3.47915e+00  0.00000e+00
 3.47930e+00  0.00000e+00
 3.47945e+00  0.00000e+00
 3.47960e+00  0.00000e+00
 3.47975e+00  0.00000e+00
 3.47990e+00  0.00000e+00
 3.48005e+00  0.00000e+00
 3.48020e+00  0.00000e+00
 3.48035e+00  0.00000e+00
 3.48050e+00  0.00000e+00
 3.48065e+00  0.00000e+00
 3.48080e+00  0.00000e+00
 3.48095e+00  0.00000e+00
 3.48110e+00  0.00000e+00
 3.48125e+00  0.00000e+00
 3.48140e+00  0.00000e+00
 3.48155e+00  0.00000e+00
 3.48170e+00  0.00000e+00
 3.48185e+00  0.00000e+00
 3.48200e+00  0.00000e+00
 3.48215e+00  0.00000e+00
 3.48230e+00  0.00000e+00
 3.48245e+00  0.00000e+00
 3.48260e+00  0.00000e+00
 3.48275e+00  0.00000e+00
 3.48290e+00  0.00000e+00
 3.48305e+00  0.00000e+00
 3.48320e+00  0.00000e+00
 3.48335e+00  0.00000e+00
 3.48350e+00  0.00000e+00
 3.48365e+00  0.00000e+00
 3.48380e+00  0.00000e+00
 3.48395e+00  0.00000e+00
 3.48410e+00  0.00000e+00
 3.48425e+00  0.00000e+00
 3.48440e+00  0.00000e+00
 3.48455e+00  0.00000e+00
 3.48470e+00  0.00000e+00
 3.48485e+00  0.00000e+00
 3.48500e+00  0.00000e+00
 3.48515e+00  0.00000e+00
 3.48530e+00  0.00000e+00
 3.48545e+00  0.00000e+00
 3.48560e+00  0.00000e+00
 3.48575e+00  0.00000e+00
 3.48590e+00  0.00000e+00
 3.48605e+00  0.00000e+00
 3.48620e+00  0.00000e+00
 3.48635e+00  0.00000e+00
 3.48650e+00  0.00000e+00
 3.48665e+00  0.00000e+00
 3.48680e+00  0.00000e+00
 3.48695e+00  0.00000e+00
 3.48710e+00  0.00000e+00
 3.48725e+00  0.00000e+00
 3.48740e+00  0.00000e+00
 3.48755e+00  0.00000e+00
 3.48770e+00  0.00000e+00
 3.48785e+00  0.00000e+00
 3.48800e+00  0.00000e+00
 3.48815e+00  0.00000e+00
 3.48830e+00  0.00000e+00
 3.48845e+00  0.00000e+00
 3.48860e+00  0.00000e+00
 3.48875e+00  0.00000e+00
 3.48890e+00  0.00000e+00
 3.48905e+00  0.00000e+00
 3.48920e+00  0.00000e+00
 3.48935e+00  0.00000e+00
 3.48950e+00  0.00000e+00
 3.48965e+00  0.00000e+00
 3.48980e+00  0.00000e+00
 3.48995e+00  0.00000e+00
 3.49010e+00  0.00000e+00
 3.49025e+00  0.00000e+00
 3.49040e+00  0.00000e+00
 3.49055e+00  0.00000e+00
 3.49070e+00  0.00000e+00
 3.49085e+00  0.00000e+00
 3.49100e+00  0.00000e+00
 3.49115e+00  0.00000e+00
 3.49130e+00  0.00000e+00
 3.49145e+00  0.00000e+00
 3.49160e+00  0.00000e+00
 3.49175e+00  0.00000e+00
 3.49190e+00  0.00000e+00
 3.49205e+00  0.00000e+00
 3.49220e+00  0.00000e+00
 3.49235e+00  0.00000e+00
 3.49250e+00  0.00000e+00
 3.49265e+00  0.00000e+00
 3.49280e+00  0.00000e+00
 3.49295e+00  0.00000e+00
 3.49310e+00  0.00000e+00
 3.49325e+00  0.00000e+00
 3.49340e+00  0.00000e+00
 3.49355e+00  0.00000e+00
 3.49370e+00  0.00000e+00
 3.49385e+00  0.00000e+00
 3.49400e+00  0.00000e+00
 3.49415e+00  0.00000e+00
 3.49430e+00  0.00000e+00
 3.49445e+00  0.00000e+00
 3.49460e+00  0.00000e+00
 3.49475e+00  0.00000e+00
 3.49490e+00  0.00000e+00
 3.49505e+00  0.00000e+00
 3.49520e+00  0.00000e+00
 3.49535e+00  0.00000e+00
 3.49550e+00  0.00000e+00
 3.49565e+00  0.00000e+00
 3.49580e+00  0.00000e+00
 3.49595e+00  0.00000e+00
 3.49610e+00  0.00000e+00
 3.49625e+00  0.00000e+00
 3.49640e+00  0.00000e+00
 3.49655e+00  0.00000e+00
 3.49670e+00  0.00000e+00
 3.49685e+00  0.00000e+00
 3.49700e+00  0.00000e+00
 3.49715e+00  0.00000e+00
 3.49730e+00  0.00000e+00
 3.49745e+00  0.00000e+00
 3.49760e+00  0.00000e+00
 3.49775e+00  0.00000e+00
 3.49790e+00  0.00000e+00
 3.49805e+00  0.00000e+00
 3.49820e+00  0.00000e+00
 3.49835e+00  0.00000e+00
 3.49850e+00  0.00000e+00
 3.49865e+00  0.00000e+00
 3.49880e+00  0.00000e+00
 3.49895e+00  0.00000e+00
 3.49910e+00  0.00000e+00
 3.49925e+00  0.00000e+00
 3.49940e+00  0.00000e+00
 3.49955e+00  0.00000e+00
 3.49970e+00  0.00000e+00
 3.49985e+00  0.00000e+00
 3.50000e+00  0.00000e+00
 3.50015e+00  0.00000e+00
 3.50030e+00  0.00000e+00
 3.50045e+00  0.00000e+00
 3.50060e+00  0.00000e+00
 3.50075e+00  0.00000e+00
 3.50090e+00  0.00000e+00
 3.50105e+00  0.00000e+00
 3.50120e+00  0.00000e+00
 3.50135e+00  0.00000e+00
 3.50150e+00  0.00000e+00
 3.50165e+00  0.00000e+00
 3.50180e+00  0.00000e+00
 3.50195e+00  0.00000e+00
 3.50210e+00  0.00000e+00
 3.50225e+00  0.00000e+00
 3.50240e+00  0.00000e+00
 3.50255e+00  0.00000e+00
 3.50270e+00  0.00000e+00
 3.50285e+00  0.00000e+00
 3.50300e+00  0.00000e+00
 3.50315e+00  0.00000e+00
 3.50330e+00  0.00000e+00
 3.50345e+00  0.00000e+00
 3.50360e+00  0.00000e+00
 3.50375e+00  0.00000e+00
 3.50390e+00  0.00000e+00
 3.50405e+00  0.00000e+00
 3.50420e+00  0.00000e+00
 3.50435e+00  0.00000e+00
 3.50450e+00  0.00000e+00
 3.50465e+00  0.00000e+00
 3.50480e+00  0.00000e+00
 3.50495e+00  0.00000e+00
 3.50510e+00  0.00000e+00
 3.50525e+00  0.00000e+00
 3.50540e+00  0.00000e+00
 3.50555e+00  0.00000e+00
 3.50570e+00  0.00000e+00
 3.50585e+00  0.00000e+00
 3.50600e+00  0.00000e+00
 3.50615e+00  0.00000e+00
 3.50630e+00  0.00000e+00
 3.50645e+00  0.00000e+00
 3.50660e+00  0.00000e+00
 3.50675e+00  0.00000e+00
 3.50690e+00  0.00000e+00
 3.50705e+00  0.00000e+00
 3.50720e+00  0.00000e+00
 3.50735e+00  0.00000e+00
 3.50750e+00  0.00000e+00
 3.50765e+00  0.00000e+00
 3.50780e+00  0.00000e+00
 3.50795e+00  0.00000e+00
 3.50810e+00  0.00000e+00
 3.50825e+00  0.00000e+00
 3.50840e+00  0.00000e+00
 3.50855e+00  0.00000e+00
 3.50870e+00  0.00000e+00
 3.50885e+00  0.00000e+00
 3.50900e+00  0.00000e+00
 3.50915e+00  0.00000e+00
 3.50930e+00  0.00000e+00
 3.50945e+00  0.00000e+00
 3.50960e+00  0.00000e+00
 3.50975e+00  0.00000e+00
 3.50990e+00  0.00000e+00
 3.51005e+00  0.00000e+00
 3.51020e+00  0.00000e+00
 3.51035e+00  0.00000e+00
 3.51050e+00  0.00000e+00
 3.51065e+00  0.00000e+00
 3.51080e+00  0.00000e+00
 3.51095e+00  0.00000e+00
 3.51110e+00  0.00000e+00
 3.51125e+00  0.00000e+00
 3.51140e+00  0.00000e+00
 3.51155e+00  0.00000e+00
 3.51170e+00  0.00000e+00
 3.51185e+00  0.00000e+00
 3.51200e+00  0.00000e+00
 3.51215e+00  0.00000e+00
 3.51230e+00  0.00000e+00
 3.51245e+00  0.00000e+00
 3.51260e+00  0.00000e+00
 3.51275e+00  0.00000e+00
 3.51290e+00  0.00000e+00
 3.51305e+00  0.00000e+00
 3.51320e+00  0.00000e+00
 3.51335e+00  0.00000e+00
 3.51350e+00  0.00000e+00
 3.51365e+00  0.00000e+00
 3.51380e+00  0.00000e+00
 3.51395e+00  0.00000e+00
 3.51410e+00  0.00000e+00
 3.51425e+00  0.00000e+00
 3.51440e+00  0.00000e+00
 3.51455e+00  0.00000e+00
 3.51470e+00  0.00000e+00
 3.51485e+00  0.00000e+00
 3.51500e+00  0.00000e+00
 3.51515e+00  0.00000e+00
 3.51530e+00  0.00000e+00
 3.51545e+00  0.00000e+00
 3.51560e+00  0.00000e+00
 3.51575e+00  0.00000e+00
 3.51590e+00  0.00000e+00
 3.51605e+00  0.00000e+00
 3.51620e+00  0.00000e+00
 3.51635e+00  0.00000e+00
 3.51650e+00  0.00000e+00
 3.51665e+00  0.00000e+00
 3.51680e+00  0.00000e+00
 3.51695e+00  0.00000e+00
 3.51710e+00  0.00000e+00
 3.51725e+00  0.00000e+00
 3.51740e+00  0.00000e+00
 3.51755e+00  0.00000e+00
 3.51770e+00  0.00000e+00
 3.51785e+00  0.00000e+00
 3.51800e+00  0.00000e+00
 3.51815e+00  0.00000e+00
 3.51830e+00  0.00000e+00
 3.51845e+00  0.00000e+00
 3.51860e+00  0.00000e+00
 3.51875e+00  0.00000e+00
 3.51890e+00  0.00000e+00
 3.51905e+00  0.00000e+00
 3.51920e+00  0.00000e+00
 3.51935e+00  0.00000e+00
 3.51950e+00  0.00000e+00
 3.51965e+00  0.00000e+00
 3.51980e+00  0.00000e+00
 3.51995e+00  0.00000e+00
 3.52010e+00  0.00000e+00
 3.52025e+00  0.00000e+00
 3.52040e+00  0.00000e+00
 3.52055e+00  0.00000e+00
 3.52070e+00  0.00000e+00
 3.52085e+00  0.00000e+00
 3.52100e+00  0.00000e+00
 3.52115e+00  0.00000e+00
 3.52130e+00  0.00000e+00
 3.52145e+00  0.00000e+00
 3.52160e+00  0.00000e+00
 3.52175e+00  0.00000e+00
 3.52190e+00  0.00000e+00
 3.52205e+00  0.00000e+00
 3.52220e+00  0.00000e+00
 3.52235e+00  0.00000e+00
 3.52250e+00  0.00000e+00
 3.52265e+00  0.00000e+00
 3.52280e+00  0.00000e+00
 3.52295e+00  0.00000e+00
 3.52310e+00  0.00000e+00
 3.52325e+00  0.00000e+00
 3.52340e+00  0.00000e+00
 3.52355e+00  0.00000e+00
 3.52370e+00  0.00000e+00
 3.52385e+00  0.00000e+00
 3.52400e+00  0.00000e+00
 3.52415e+00  0.00000e+00
 3.52430e+00  0.00000e+00
 3.52445e+00  0.00000e+00
 3.52460e+00  0.00000e+00
 3.52475e+00  0.00000e+00
 3.52490e+00  0.00000e+00
 3.52505e+00  0.00000e+00
 3.52520e+00  0.00000e+00
 3.52535e+00  0.00000e+00
 3.52550e+00  0.00000e+00
 3.52565e+00  0.00000e+00
 3.52580e+00  0.00000e+00
 3.52595e+00  0.00000e+00
 3.52610e+00  0.00000e+00
 3.52625e+00  0.00000e+00
 3.52640e+00  0.00000e+00
 3.52655e+00  0.00000e+00
 3.52670e+00  0.00000e+00
 3.52685e+00  0.00000e+00
 3.52700e+00  0.00000e+00
 3.52715e+00  0.00000e+00
 3.52730e+00  0.00000e+00
 3.52745e+00  0.00000e+00
 3.52760e+00  0.00000e+00
 3.52775e+00  0.00000e+00
 3.52790e+00  0.00000e+00
 3.52805e+00  0.00000e+00
 3.52820e+00  0.00000e+00
 3.52835e+00  0.00000e+00
 3.52850e+00  0.00000e+00
 3.52865e+00  0.00000e+00
 3.52880e+00  0.00000e+00
 3.52895e+00  0.00000e+00
 3.52910e+00  0.00000e+00
 3.52925e+00  0.00000e+00
 3.52940e+00  0.00000e+00
 3.52955e+00  0.00000e+00
 3.52970e+00  0.00000e+00
 3.52985e+00  0.00000e+00
 3.53000e+00  0.00000e+00
 3.53015e+00  0.00000e+00
 3.53030e+00  0.00000e+00
 3.53045e+00  0.00000e+00
 3.53060e+00  0.00000e+00
 3.53075e+00  0.00000e+00
 3.53090e+00  0.00000e+00
 3.53105e+00  0.00000e+00
 3.53120e+00  0.00000e+00
 3.53135e+00  0.00000e+00
 3.53150e+00  0.00000e+00
 3.53165e+00  0.00000e+00
 3.53180e+00  0.00000e+00
 3.53195e+00  0.00000e+00
 3.53210e+00  0.00000e+00
 3.53225e+00  0.00000e+00
 3.53240e+00  0.00000e+00
 3.53255e+00  0.00000e+00
 3.53270e+00  0.00000e+00
 3.53285e+00  0.00000e+00
 3.53300e+00  0.00000e+00
 3.53315e+00  0.00000e+00
 3.53330e+00  0.00000e+00
 3.53345e+00  0.00000e+00
 3.53360e+00  0.00000e+00
 3.53375e+00  0.00000e+00
 3.53390e+00  0.00000e+00
 3.53405e+00  0.00000e+00
 3.53420e+00  0.00000e+00
 3.53435e+00  0.00000e+00
 3.53450e+00  0.00000e+00
 3.53465e+00  0.00000e+00
 3.53480e+00  0.00000e+00
 3.53495e+00  0.00000e+00
 3.53510e+00  0.00000e+00
 3.53525e+00  0.00000e+00
 3.53540e+00  0.00000e+00
 3.53555e+00  0.00000e+00
 3.53570e+00  0.00000e+00
 3.53585e+00  0.00000e+00
 3.53600e+00  0.00000e+00
 3.53615e+00  0.00000e+00
 3.53630e+00  0.00000e+00
 3.53645e+00  0.00000e+00
 3.53660e+00  0.00000e+00
 3.53675e+00  0.00000e+00
 3.53690e+00  0.00000e+00
 3.53705e+00  0.00000e+00
 3.53720e+00  0.00000e+00
 3.53735e+00  0.00000e+00
 3.53750e+00  0.00000e+00
 3.53765e+00  0.00000e+00
 3.53780e+00  0.00000e+00
 3.53795e+00  0.00000e+00
 3.53810e+00  0.00000e+00
 3.53825e+00  0.00000e+00
 3.53840e+00  0.00000e+00
 3.53855e+00  0.00000e+00
 3.53870e+00  0.00000e+00
 3.53885e+00  0.00000e+00
 3.53900e+00  0.00000e+00
 3.53915e+00  0.00000e+00
 3.53930e+00  0.00000e+00
 3.53945e+00  0.00000e+00
 3.53960e+00  0.00000e+00
 3.53975e+00  0.00000e+00
 3.53990e+00  0.00000e+00
 3.54005e+00  0.00000e+00
 3.54020e+00  0.00000e+00
 3.54035e+00  0.00000e+00
 3.54050e+00  0.00000e+00
 3.54065e+00  0.00000e+00
 3.54080e+00  0.00000e+00
 3.54095e+00  0.00000e+00
 3.54110e+00  0.00000e+00
 3.54125e+00  0.00000e+00
 3.54140e+00  0.00000e+00
 3.54155e+00  0.00000e+00
 3.54170e+00  0.00000e+00
 3.54185e+00  0.00000e+00
 3.54200e+00  0.00000e+00
 3.54215e+00  0.00000e+00
 3.54230e+00  0.00000e+00
 3.54245e+00  0.00000e+00
 3.54260e+00  0.00000e+00
 3.54275e+00  0.00000e+00
 3.54290e+00  0.00000e+00
 3.54305e+00  0.00000e+00
 3.54320e+00  0.00000e+00
 3.54335e+00  0.00000e+00
 3.54350e+00  0.00000e+00
 3.54365e+00  0.00000e+00
 3.54380e+00  0.00000e+00
 3.54395e+00  0.00000e+00
